0.0472679 2 2 2 
0.0472679 7 3 1 
0.0472679 15 4 2 
0.0472679 20 5 1 
0.0472679 19 6 1 
0.0472679 3 2 3 
0.0472679 16 4 3 
0.0472679 22 5 3 
0.0472679 25 6 2 
0.0472679 4 2 4 
0.0472679 24 5 5 
0.0472679 26 6 3 
0.0472679 6 2 6 
0.0472679 27 6 4 
0.0472679 8 2 7 
0.0472679 30 6 6 
0.0492144 5 2 5 
0.0492145 10 3 3 
0.0492146 11 3 4 
00.0552144 9 2 6 
0.0552145 11 3 3 
0.0552146 16 2 7 0.0552144 4 2 4 
0.0552145 9 3 2 
0.050.0612144 3 2 3 
0.0612145 5 2 5 
0.0612146 10 3 2 
0.0612147 12 3 4 0.0552144 1 2 1 
0.0552145 9 3 2 12.5335 23 2 7 
2.5335 24 6 6 
2.5335 27 2 8 
2.53427 23 2 7 
2.53427 27 2 8 
2.53427 24 6 6 
3.0285 6 4 7 
3.0285 22 6 7 
3.02927 22 6 7 
3.02927 6 4 7 
3.5485 15 4 8 
3.5485 22 5 9 
3.54927 22 5 9 
3.54927 22 5 9 
3.54927 15 4 8 
343.0485 9 4 6 
3.0485 16 4 7 
3.0483.0335 10 3.5335 3 6 8 
3.5335 4 4 7 
3.4.0385 19 2 9 
4.0385 26 3 8 
4.03927 26 3 8 
4.03927 26 3 8 
4.03927 26 3 8 
4.03927 19 2 9 
2 13 
3.54427 19 2 12 
3.54427 27 2 133.54354.0635 3 2 10 
4.0635 16 5 11 
4.0635 26 6 10 
4.06427 3 2 10 
4.06427 16 5 11 
4.06427 16 5 11 
4.06427 26 6 10 
4.06427 26 6 10 
