0.264268 2 4 2
00.390268 16 7 6
0.488268 16 5 5
0.634518 16 5 4
0.718268 6 4 3
0.730518 1 6 4
0.730518 16 6 5
0.782268 4 7 4
0.831268 6 8 6
0.938268 15 7 5
1.11827 15 10 1.34527 16 8 4
1.43127 16 7 5
1.43827 6 5 3
1.45727 1 9 4
1.53227 6 9 6
1.55027 1 7 2
1.70502 16 10 4
1.75077 16 10 6
1.77127 18 6 3
1.81427 19 8 2
1.83302 18 9 2
1.91752 6 7 3
1.94227 19 11 6
1.98227 16 8 5
2.00927 18 12 6
2.12402 16 11 4
2.13227 1 12 4
2.20727 18 8 3
2.232.33377 9 7 4
2.39827 15 13 2
2.50402 4 7 3
2.53302 9 14 2
2.56177 4 15 2
2.73377 9 8 4
2.73527 15 13 5
2.93902 15 14 6
3.23852 15 14 5
3.31052 2 16 2
3.33377 19 17 2
3.40877 4 8 3
3.50752 19 15 6
3.53377 4 18 2
3.55952 2 16 6
3.68552 15 19 2
3.75777 4 9 3
3.83452 15 15 5
3.94252 20 20 2
4.06452 4 21 2
4.14152 9 22 2
4.18652 15 23 2
4.19477 4 10 3
4.20327 12 16 5
4.23452 9 9 4
4.23452 15 17 5
4.25852 12 10 4
4.29152 19 24 2
4.33627 4 25 2
4.39927 19 17 6
4.40527 15 26 2
4.44502 15 18 5
9 26 2
3.66552 5 9 3
3.80127 5 18 6
3.83452 9 14 4
3.83452 5 10 3.3.91852 11 153.94.00277 2 19 6
4.09952 2 27 2
4.15952 9 28 2
4.20677 14 20 6
4.23452 9 16 4
4.23527 11 29 2
4.37077 14 18 5
4.43452 2 11 3
20127 18 23 2
4.23452 6 21 6
4.25627 11 25 4
4.30952 18 22 6
4.33527 11 24 2
4.44052 19 25 2
4.48327 6 26 4
4.49852 16 23 6
13 14 5
3.98677 9 38 2
4.03277 11 27 4
4.09152 2 28 4
4.16177 6 39 2
4.25327 13 40 2
4.27952 6 18 3
4.29252 20 41 2
4.33827 13 15 5
4.35852 9 29 4
4.43427 20 10 6
4.45252 1 42 2
23 6
4.17127 6 15 3
4.18327 9 16 4
4.26027 2 24 6
4.30352 20 37 2
4.35627 2 38 2
4.38527 20 25 6
