frame	subF	slot	rnti	firstSym	numSym	type	tddMode	retxNum	ccId
0	0	0	0	0	1	2	1	0	0
0	0	1	0	0	1	2	1	0	0
0	0	2	0	0	1	2	1	0	0
0	0	3	0	0	1	2	1	0	0
0	1	0	0	0	1	2	1	0	0
0	1	1	0	0	1	2	1	0	0
0	1	2	0	0	1	2	1	0	0
0	1	3	0	0	1	2	1	0	0
0	2	0	0	0	1	2	1	0	0
0	2	1	0	0	1	2	1	0	0
0	2	2	0	0	1	2	1	0	0
0	2	3	0	0	1	2	1	0	0
0	3	0	0	0	1	2	1	0	0
0	3	1	0	0	1	2	1	0	0
0	3	2	0	0	1	2	1	0	0
0	3	3	0	0	1	2	1	0	0
0	4	0	0	0	1	2	1	0	0
0	4	1	0	0	1	2	1	0	0
0	4	2	0	0	1	2	1	0	0
0	4	3	0	0	1	2	1	0	0
0	5	0	0	0	1	2	1	0	0
0	5	1	0	0	1	2	1	0	0
0	5	2	0	0	1	2	1	0	0
0	5	3	0	0	1	2	1	0	0
0	6	0	0	0	1	2	1	0	0
0	6	1	0	0	1	2	1	0	0
0	6	2	0	0	1	2	1	0	0
0	6	3	0	0	1	2	1	0	0
0	7	0	0	0	1	2	1	0	0
0	7	1	0	0	1	2	1	0	0
0	7	2	0	0	1	2	1	0	0
0	7	3	0	0	1	2	1	0	0
0	8	0	0	0	1	2	1	0	0
0	8	1	0	0	1	2	1	0	0
0	8	2	0	0	1	2	1	0	0
0	8	3	0	0	1	2	1	0	0
0	9	0	0	0	1	2	1	0	0
0	9	1	0	0	1	2	1	0	0
0	9	2	0	0	1	2	1	0	0
0	9	3	0	0	1	2	1	0	0
1	0	0	0	0	1	2	1	0	0
1	0	1	0	0	1	2	1	0	0
1	0	2	0	0	1	2	1	0	0
1	0	3	0	0	1	2	1	0	0
1	1	0	0	0	1	2	1	0	0
1	1	1	0	0	1	2	1	0	0
1	1	2	0	0	1	2	1	0	0
1	1	3	0	0	1	2	1	0	0
1	2	0	0	0	1	2	1	0	0
1	2	1	0	0	1	2	1	0	0
1	2	2	0	0	1	2	1	0	0
1	2	3	0	0	1	2	1	0	0
1	3	0	0	0	1	2	1	0	0
1	3	1	0	0	1	2	1	0	0
1	3	2	0	0	1	2	1	0	0
1	3	3	0	0	1	2	1	0	0
1	4	0	0	0	1	2	1	0	0
1	4	1	0	0	1	2	1	0	0
1	4	2	0	0	1	2	1	0	0
1	4	3	0	0	1	2	1	0	0
1	5	0	0	0	1	2	1	0	0
1	5	1	0	0	1	2	1	0	0
1	5	2	0	0	1	2	1	0	0
1	5	3	0	0	1	2	1	0	0
1	6	0	0	0	1	2	1	0	0
1	6	1	0	0	1	2	1	0	0
1	6	2	0	0	1	2	1	0	0
1	6	3	0	0	1	2	1	0	0
1	7	0	0	0	1	2	1	0	0
1	7	1	0	0	1	2	1	0	0
1	7	2	0	0	1	2	1	0	0
1	7	3	0	0	1	2	1	0	0
1	8	0	0	0	1	2	1	0	0
1	8	1	0	0	1	2	1	0	0
1	8	2	0	0	1	2	1	0	0
1	8	3	0	0	1	2	1	0	0
1	9	0	0	0	1	2	1	0	0
1	9	1	0	0	1	2	1	0	0
1	9	2	0	0	1	2	1	0	0
1	9	3	0	0	1	2	1	0	0
2	0	0	0	0	1	2	1	0	0
2	0	1	0	0	1	2	1	0	0
2	0	2	0	0	1	2	1	0	0
2	0	3	0	0	1	2	1	0	0
2	1	0	0	0	1	2	1	0	0
2	1	1	0	0	1	2	1	0	0
2	1	2	0	0	1	2	1	0	0
2	1	3	0	0	1	2	1	0	0
2	2	0	0	0	1	2	1	0	0
2	2	1	0	0	1	2	1	0	0
2	2	2	0	0	1	2	1	0	0
2	2	3	0	0	1	2	1	0	0
2	3	0	0	0	1	2	1	0	0
2	3	1	0	0	1	2	1	0	0
2	3	2	0	0	1	2	1	0	0
2	3	3	0	0	1	2	1	0	0
2	4	0	0	0	1	2	1	0	0
2	4	1	0	0	1	2	1	0	0
2	4	2	0	0	1	2	1	0	0
2	4	3	0	0	1	2	1	0	0
2	5	0	0	0	1	2	1	0	0
2	5	1	0	0	1	2	1	0	0
2	5	2	0	0	1	2	1	0	0
2	5	3	0	0	1	2	1	0	0
2	6	0	0	0	1	2	1	0	0
2	6	1	0	0	1	2	1	0	0
2	6	2	0	0	1	2	1	0	0
2	6	3	0	0	1	2	1	0	0
2	7	0	0	0	1	2	1	0	0
2	7	1	0	0	1	2	1	0	0
2	7	2	0	0	1	2	1	0	0
2	7	3	0	0	1	2	1	0	0
2	8	0	0	0	1	2	1	0	0
2	8	1	0	0	1	2	1	0	0
2	8	2	0	0	1	2	1	0	0
2	8	3	0	0	1	2	1	0	0
2	9	0	0	0	1	2	1	0	0
2	9	1	0	0	1	2	1	0	0
2	9	2	0	0	1	2	1	0	0
2	9	3	0	0	1	2	1	0	0
3	0	0	0	0	1	2	1	0	0
3	0	1	0	0	1	2	1	0	0
3	0	2	0	0	1	2	1	0	0
3	0	3	0	0	1	2	1	0	0
3	1	0	0	0	1	2	1	0	0
3	1	1	0	0	1	2	1	0	0
3	1	2	0	0	1	2	1	0	0
3	1	3	0	0	1	2	1	0	0
3	2	0	0	0	1	2	1	0	0
3	2	1	0	0	1	2	1	0	0
3	2	2	0	0	1	2	1	0	0
3	2	3	0	0	1	2	1	0	0
3	3	0	0	0	1	2	1	0	0
3	3	1	0	0	1	2	1	0	0
3	3	2	0	0	1	2	1	0	0
3	3	3	0	0	1	2	1	0	0
3	4	0	0	0	1	2	1	0	0
3	4	1	0	0	1	2	1	0	0
3	4	2	0	0	1	2	1	0	0
3	4	3	0	0	1	2	1	0	0
3	5	0	0	0	1	2	1	0	0
3	5	1	0	0	1	2	1	0	0
3	5	2	0	0	1	2	1	0	0
3	5	3	0	0	1	2	1	0	0
3	6	0	0	0	1	2	1	0	0
3	6	1	0	0	1	2	1	0	0
3	6	2	0	0	1	2	1	0	0
3	6	3	0	0	1	2	1	0	0
3	7	0	0	0	1	2	1	0	0
3	7	1	0	0	1	2	1	0	0
3	7	2	0	0	1	2	1	0	0
3	7	3	0	0	1	2	1	0	0
3	8	0	0	0	1	2	1	0	0
3	8	1	0	0	1	2	1	0	0
3	8	2	0	0	1	2	1	0	0
3	8	3	0	0	1	2	1	0	0
3	9	0	0	0	1	2	1	0	0
3	9	1	0	0	1	2	1	0	0
3	9	2	0	0	1	2	1	0	0
3	9	3	0	0	1	2	1	0	0
4	0	0	0	0	1	2	1	0	0
4	0	1	0	0	1	2	1	0	0
4	0	2	0	0	1	2	1	0	0
4	0	3	0	0	1	2	1	0	0
4	1	0	0	0	1	2	1	0	0
4	1	1	0	0	1	2	1	0	0
4	1	2	0	0	1	2	1	0	0
4	1	3	0	0	1	2	1	0	0
4	2	0	0	0	1	2	1	0	0
4	2	1	0	0	1	2	1	0	0
4	2	2	0	0	1	2	1	0	0
4	2	3	0	0	1	2	1	0	0
4	3	0	0	0	1	2	1	0	0
4	3	1	0	0	1	2	1	0	0
4	3	2	0	0	1	2	1	0	0
4	3	3	0	0	1	2	1	0	0
4	4	0	0	0	1	2	1	0	0
4	4	1	0	0	1	2	1	0	0
4	4	2	0	0	1	2	1	0	0
4	4	3	0	0	1	2	1	0	0
4	5	0	0	0	1	2	1	0	0
4	5	1	0	0	1	2	1	0	0
4	5	2	0	0	1	2	1	0	0
4	5	3	0	0	1	2	1	0	0
4	6	0	0	0	1	2	1	0	0
4	6	1	0	0	1	2	1	0	0
4	6	2	0	0	1	2	1	0	0
4	6	3	0	0	1	2	1	0	0
4	7	0	0	0	1	2	1	0	0
4	7	1	0	0	1	2	1	0	0
4	7	2	0	0	1	2	1	0	0
4	7	3	0	0	1	2	1	0	0
4	8	0	0	0	1	2	1	0	0
4	8	1	0	0	1	2	1	0	0
4	8	2	0	0	1	2	1	0	0
4	8	3	0	0	1	2	1	0	0
4	9	0	0	0	1	2	1	0	0
4	9	1	0	0	1	2	1	0	0
4	9	2	0	0	1	2	1	0	0
4	9	3	0	0	1	2	1	0	0
5	0	0	0	0	1	2	1	0	0
5	0	1	0	0	1	2	1	0	0
5	0	2	0	0	1	2	1	0	0
5	0	3	0	0	1	2	1	0	0
5	1	0	0	0	1	2	1	0	0
5	1	1	0	0	1	2	1	0	0
5	1	2	0	0	1	2	1	0	0
5	1	3	0	0	1	2	1	0	0
5	2	0	0	0	1	2	1	0	0
5	2	1	0	0	1	2	1	0	0
5	2	2	0	0	1	2	1	0	0
5	2	3	0	0	1	2	1	0	0
5	3	0	0	0	1	2	1	0	0
5	3	1	0	0	1	2	1	0	0
5	3	2	0	0	1	2	1	0	0
5	3	3	0	0	1	2	1	0	0
5	4	0	0	0	1	2	1	0	0
5	4	1	0	0	1	2	1	0	0
5	4	2	0	0	1	2	1	0	0
5	4	3	0	0	1	2	1	0	0
5	5	0	0	0	1	2	1	0	0
5	5	1	0	0	1	2	1	0	0
5	5	2	0	0	1	2	1	0	0
5	5	3	0	0	1	2	1	0	0
5	6	0	0	0	1	2	1	0	0
5	6	1	0	0	1	2	1	0	0
5	6	2	0	0	1	2	1	0	0
5	6	3	0	0	1	2	1	0	0
5	7	0	0	0	1	2	1	0	0
5	7	1	0	0	1	2	1	0	0
5	7	2	0	0	1	2	1	0	0
5	7	3	0	0	1	2	1	0	0
5	8	0	0	0	1	2	1	0	0
5	8	1	0	0	1	2	1	0	0
5	8	2	0	0	1	2	1	0	0
5	8	3	0	0	1	2	1	0	0
5	9	0	0	0	1	2	1	0	0
5	9	1	0	0	1	2	1	0	0
5	9	2	0	0	1	2	1	0	0
5	9	3	0	0	1	2	1	0	0
6	0	0	0	0	1	2	1	0	0
6	0	1	0	0	1	2	1	0	0
6	0	2	0	0	1	2	1	0	0
6	0	3	0	0	1	2	1	0	0
6	1	0	0	0	1	2	1	0	0
6	1	1	0	0	1	2	1	0	0
6	1	2	0	0	1	2	1	0	0
6	1	3	0	0	1	2	1	0	0
6	2	0	0	0	1	2	1	0	0
6	2	1	0	0	1	2	1	0	0
6	2	2	0	0	1	2	1	0	0
6	2	3	0	0	1	2	1	0	0
6	3	0	0	0	1	2	1	0	0
6	3	1	0	0	1	2	1	0	0
6	3	2	0	0	1	2	1	0	0
6	3	3	0	0	1	2	1	0	0
6	4	0	0	0	1	2	1	0	0
6	4	1	0	0	1	2	1	0	0
6	4	2	0	0	1	2	1	0	0
6	4	3	0	0	1	2	1	0	0
6	5	0	0	0	1	2	1	0	0
6	5	1	0	0	1	2	1	0	0
6	5	2	0	0	1	2	1	0	0
6	5	3	0	0	1	2	1	0	0
6	6	0	0	0	1	2	1	0	0
6	6	1	0	0	1	2	1	0	0
6	6	2	0	0	1	2	1	0	0
6	6	3	0	0	1	2	1	0	0
6	7	0	0	0	1	2	1	0	0
6	7	1	0	0	1	2	1	0	0
6	7	2	0	0	1	2	1	0	0
6	7	3	0	0	1	2	1	0	0
6	8	0	0	0	1	2	1	0	0
6	8	1	0	0	1	2	1	0	0
6	8	2	0	0	1	2	1	0	0
6	8	3	0	0	1	2	1	0	0
6	9	0	0	0	1	2	1	0	0
6	9	1	0	0	1	2	1	0	0
6	9	2	0	0	1	2	1	0	0
6	9	3	0	0	1	2	1	0	0
7	0	0	0	0	1	2	1	0	0
7	0	1	0	0	1	2	1	0	0
7	0	2	0	0	1	2	1	0	0
7	0	3	0	0	1	2	1	0	0
7	1	0	0	0	1	2	1	0	0
7	1	1	0	0	1	2	1	0	0
7	1	2	0	0	1	2	1	0	0
7	1	3	0	0	1	2	1	0	0
7	2	0	0	0	1	2	1	0	0
7	2	1	0	0	1	2	1	0	0
7	2	2	0	0	1	2	1	0	0
7	2	3	0	0	1	2	1	0	0
7	3	0	0	0	1	2	1	0	0
7	3	1	0	0	1	2	1	0	0
7	3	2	0	0	1	2	1	0	0
7	3	3	0	0	1	2	1	0	0
7	4	0	0	0	1	2	1	0	0
7	4	1	0	0	1	2	1	0	0
7	4	2	0	0	1	2	1	0	0
7	4	3	0	0	1	2	1	0	0
7	5	0	0	0	1	2	1	0	0
7	5	1	0	0	1	2	1	0	0
7	5	2	0	0	1	2	1	0	0
7	5	3	0	0	1	2	1	0	0
7	6	0	0	0	1	2	1	0	0
7	6	1	0	0	1	2	1	0	0
7	6	2	0	0	1	2	1	0	0
7	6	3	0	0	1	2	1	0	0
7	7	0	0	0	1	2	1	0	0
7	7	1	0	0	1	2	1	0	0
7	7	2	0	0	1	2	1	0	0
7	7	3	0	0	1	2	1	0	0
7	8	0	0	0	1	2	1	0	0
7	8	1	0	0	1	2	1	0	0
7	8	2	0	0	1	2	1	0	0
7	8	3	0	0	1	2	1	0	0
7	9	0	0	0	1	2	1	0	0
7	9	1	0	0	1	2	1	0	0
7	9	2	0	0	1	2	1	0	0
7	9	3	0	0	1	2	1	0	0
8	0	0	0	0	1	2	1	0	0
8	0	1	0	0	1	2	1	0	0
8	0	2	0	0	1	2	1	0	0
8	0	3	0	0	1	2	1	0	0
8	1	0	0	0	1	2	1	0	0
8	1	1	0	0	1	2	1	0	0
8	1	2	0	0	1	2	1	0	0
8	1	3	0	0	1	2	1	0	0
8	2	0	0	0	1	2	1	0	0
8	2	1	0	0	1	2	1	0	0
8	2	2	0	0	1	2	1	0	0
8	2	3	0	0	1	2	1	0	0
8	3	0	0	0	1	2	1	0	0
8	3	1	0	0	1	2	1	0	0
8	3	2	0	0	1	2	1	0	0
8	3	3	0	0	1	2	1	0	0
8	4	0	0	0	1	2	1	0	0
8	4	1	0	0	1	2	1	0	0
8	4	2	0	0	1	2	1	0	0
8	4	3	0	0	1	2	1	0	0
8	5	0	0	0	1	2	1	0	0
8	5	1	0	0	1	2	1	0	0
8	5	2	0	0	1	2	1	0	0
8	5	3	0	0	1	2	1	0	0
8	6	0	0	0	1	2	1	0	0
8	6	1	0	0	1	2	1	0	0
8	6	2	0	0	1	2	1	0	0
8	6	3	0	0	1	2	1	0	0
8	7	0	0	0	1	2	1	0	0
8	7	1	0	0	1	2	1	0	0
8	7	2	0	0	1	2	1	0	0
8	7	3	0	0	1	2	1	0	0
8	8	0	0	0	1	2	1	0	0
8	8	1	0	0	1	2	1	0	0
8	8	2	0	0	1	2	1	0	0
8	8	3	0	0	1	2	1	0	0
8	9	0	0	0	1	2	1	0	0
8	9	1	0	0	1	2	1	0	0
8	9	2	0	0	1	2	1	0	0
8	9	3	0	0	1	2	1	0	0
9	0	0	0	0	1	2	1	0	0
9	0	1	0	0	1	2	1	0	0
9	0	2	0	0	1	2	1	0	0
9	0	3	0	0	1	2	1	0	0
9	1	0	0	0	1	2	1	0	0
9	1	1	0	0	1	2	1	0	0
9	1	2	0	0	1	2	1	0	0
9	1	3	0	0	1	2	1	0	0
9	2	0	0	0	1	2	1	0	0
9	2	1	0	0	1	2	1	0	0
9	2	2	0	0	1	2	1	0	0
9	2	3	0	0	1	2	1	0	0
9	3	0	0	0	1	2	1	0	0
9	3	1	0	0	1	2	1	0	0
9	3	2	0	0	1	2	1	0	0
9	3	3	0	0	1	2	1	0	0
9	4	0	0	0	1	2	1	0	0
9	4	1	0	0	1	2	1	0	0
9	4	2	0	0	1	2	1	0	0
9	4	3	0	0	1	2	1	0	0
9	5	0	0	0	1	2	1	0	0
9	5	1	0	0	1	2	1	0	0
9	5	2	0	0	1	2	1	0	0
9	5	3	0	0	1	2	1	0	0
9	6	0	0	0	1	2	1	0	0
9	6	1	0	0	1	2	1	0	0
9	6	2	0	0	1	2	1	0	0
9	6	3	0	0	1	2	1	0	0
9	7	0	0	0	1	2	1	0	0
9	7	1	0	0	1	2	1	0	0
9	7	2	0	0	1	2	1	0	0
9	7	3	0	0	1	2	1	0	0
9	8	0	0	0	1	2	1	0	0
9	8	1	0	0	1	2	1	0	0
9	8	2	0	0	1	2	1	0	0
9	8	3	0	0	1	2	1	0	0
9	9	0	0	0	1	2	1	0	0
9	9	1	0	0	1	2	1	0	0
9	9	2	0	0	1	2	1	0	0
9	9	3	0	0	1	2	1	0	0
10	0	0	0	0	1	2	1	0	0
10	0	1	0	0	1	2	1	0	0
10	0	2	0	0	1	2	1	0	0
10	0	3	0	0	1	2	1	0	0
10	1	0	0	0	1	2	1	0	0
10	1	1	0	0	1	2	1	0	0
10	1	2	0	0	1	2	1	0	0
10	1	3	0	0	1	2	1	0	0
10	2	0	0	0	1	2	1	0	0
10	2	1	0	0	1	2	1	0	0
10	2	2	0	0	1	2	1	0	0
10	2	3	0	0	1	2	1	0	0
10	3	0	0	0	1	2	1	0	0
10	3	1	0	0	1	2	1	0	0
10	3	2	0	0	1	2	1	0	0
10	3	3	0	0	1	2	1	0	0
10	4	0	0	0	1	2	1	0	0
10	4	1	0	0	1	2	1	0	0
10	4	2	0	0	1	2	1	0	0
10	4	3	0	0	1	2	1	0	0
10	5	0	0	0	1	2	1	0	0
10	5	1	0	0	1	2	1	0	0
10	5	2	0	0	1	2	1	0	0
10	5	3	0	0	1	2	1	0	0
10	6	0	0	0	1	2	1	0	0
10	6	1	0	0	1	2	1	0	0
10	6	2	0	0	1	2	1	0	0
10	6	3	0	0	1	2	1	0	0
10	7	0	0	0	1	2	1	0	0
10	7	1	0	0	1	2	1	0	0
10	7	2	0	0	1	2	1	0	0
10	7	3	0	0	1	2	1	0	0
10	8	0	0	0	1	2	1	0	0
10	8	1	0	0	1	2	1	0	0
10	8	2	0	0	1	2	1	0	0
10	8	3	0	0	1	2	1	0	0
10	9	0	0	0	1	2	1	0	0
10	9	1	0	0	1	2	1	0	0
10	9	2	0	0	1	2	1	0	0
10	9	3	0	0	1	2	1	0	0
11	0	0	0	0	1	2	1	0	0
11	0	1	0	0	1	2	1	0	0
11	0	2	0	0	1	2	1	0	0
11	0	3	0	0	1	2	1	0	0
11	1	0	0	0	1	2	1	0	0
11	1	1	0	0	1	2	1	0	0
11	1	2	0	0	1	2	1	0	0
11	1	3	0	0	1	2	1	0	0
11	2	0	0	0	1	2	1	0	0
11	2	1	0	0	1	2	1	0	0
11	2	2	0	0	1	2	1	0	0
11	2	3	0	0	1	2	1	0	0
11	3	0	0	0	1	2	1	0	0
11	3	1	0	0	1	2	1	0	0
11	3	2	0	0	1	2	1	0	0
11	3	3	0	0	1	2	1	0	0
11	4	0	0	0	1	2	1	0	0
11	4	1	0	0	1	2	1	0	0
11	4	2	0	0	1	2	1	0	0
11	4	3	0	0	1	2	1	0	0
11	5	0	0	0	1	2	1	0	0
11	5	1	0	0	1	2	1	0	0
11	5	2	0	0	1	2	1	0	0
11	5	3	0	0	1	2	1	0	0
11	6	0	0	0	1	2	1	0	0
11	6	1	0	0	1	2	1	0	0
11	6	2	0	0	1	2	1	0	0
11	6	3	0	0	1	2	1	0	0
11	7	0	0	0	1	2	1	0	0
11	7	1	0	0	1	2	1	0	0
11	7	2	0	0	1	2	1	0	0
11	7	3	0	0	1	2	1	0	0
11	8	0	0	0	1	2	1	0	0
11	8	1	0	0	1	2	1	0	0
11	8	2	0	0	1	2	1	0	0
11	8	3	0	0	1	2	1	0	0
11	9	0	0	0	1	2	1	0	0
11	9	1	0	0	1	2	1	0	0
11	9	2	0	0	1	2	1	0	0
11	9	3	0	0	1	2	1	0	0
12	0	0	0	0	1	2	1	0	0
12	0	1	0	0	1	2	1	0	0
12	0	2	0	0	1	2	1	0	0
12	0	3	0	0	1	2	1	0	0
12	1	0	0	0	1	2	1	0	0
12	1	1	0	0	1	2	1	0	0
12	1	2	0	0	1	2	1	0	0
12	1	3	0	0	1	2	1	0	0
12	2	0	0	0	1	2	1	0	0
12	2	1	0	0	1	2	1	0	0
12	2	2	0	0	1	2	1	0	0
12	2	3	0	0	1	2	1	0	0
12	3	0	0	0	1	2	1	0	0
12	3	1	0	0	1	2	1	0	0
12	3	2	0	0	1	2	1	0	0
12	3	3	0	0	1	2	1	0	0
12	4	0	0	0	1	2	1	0	0
12	4	1	0	0	1	2	1	0	0
12	4	2	0	0	1	2	1	0	0
12	4	3	0	0	1	2	1	0	0
12	5	0	0	0	1	2	1	0	0
12	5	1	0	0	1	2	1	0	0
12	5	2	0	0	1	2	1	0	0
12	5	3	0	0	1	2	1	0	0
12	6	0	0	0	1	2	1	0	0
12	6	1	0	0	1	2	1	0	0
12	6	2	0	0	1	2	1	0	0
12	6	3	0	0	1	2	1	0	0
12	7	0	0	0	1	2	1	0	0
12	7	1	0	0	1	2	1	0	0
12	7	2	0	0	1	2	1	0	0
12	7	3	0	0	1	2	1	0	0
12	8	0	0	0	1	2	1	0	0
12	8	1	0	0	1	2	1	0	0
12	8	2	0	0	1	2	1	0	0
12	8	3	0	0	1	2	1	0	0
12	9	0	0	0	1	2	1	0	0
12	9	1	0	0	1	2	1	0	0
12	9	2	0	0	1	2	1	0	0
12	9	3	0	0	1	2	1	0	0
13	0	0	0	0	1	2	1	0	0
13	0	1	0	0	1	2	1	0	0
13	0	2	0	0	1	2	1	0	0
13	0	3	0	0	1	2	1	0	0
13	1	0	0	0	1	2	1	0	0
13	1	1	0	0	1	2	1	0	0
13	1	2	0	0	1	2	1	0	0
13	1	3	0	0	1	2	1	0	0
13	2	0	0	0	1	2	1	0	0
13	2	1	0	0	1	2	1	0	0
13	2	2	0	0	1	2	1	0	0
13	2	3	0	0	1	2	1	0	0
13	3	0	0	0	1	2	1	0	0
13	3	1	0	0	1	2	1	0	0
13	3	2	0	0	1	2	1	0	0
13	3	3	0	0	1	2	1	0	0
13	4	0	0	0	1	2	1	0	0
13	4	1	0	0	1	2	1	0	0
13	4	2	0	0	1	2	1	0	0
13	4	3	0	0	1	2	1	0	0
13	5	0	0	0	1	2	1	0	0
13	5	1	0	0	1	2	1	0	0
13	5	2	0	0	1	2	1	0	0
13	5	3	0	0	1	2	1	0	0
13	6	0	0	0	1	2	1	0	0
13	6	1	0	0	1	2	1	0	0
13	6	2	0	0	1	2	1	0	0
13	6	3	0	0	1	2	1	0	0
13	7	0	0	0	1	2	1	0	0
13	7	1	0	0	1	2	1	0	0
13	7	2	0	0	1	2	1	0	0
13	7	3	0	0	1	2	1	0	0
13	8	0	0	0	1	2	1	0	0
13	8	1	0	0	1	2	1	0	0
13	8	2	0	0	1	2	1	0	0
13	8	3	0	0	1	2	1	0	0
13	9	0	0	0	1	2	1	0	0
13	9	1	0	0	1	2	1	0	0
13	9	2	0	0	1	2	1	0	0
13	9	3	0	0	1	2	1	0	0
14	0	0	0	0	1	2	1	0	0
14	0	1	0	0	1	2	1	0	0
14	0	2	0	0	1	2	1	0	0
14	0	3	0	0	1	2	1	0	0
14	1	0	0	0	1	2	1	0	0
14	1	1	0	0	1	2	1	0	0
14	1	2	0	0	1	2	1	0	0
14	1	3	0	0	1	2	1	0	0
14	2	0	0	0	1	2	1	0	0
14	2	1	0	0	1	2	1	0	0
14	2	2	0	0	1	2	1	0	0
14	2	3	0	0	1	2	1	0	0
14	3	0	0	0	1	2	1	0	0
14	3	1	0	0	1	2	1	0	0
14	3	2	0	0	1	2	1	0	0
14	3	3	0	0	1	2	1	0	0
14	4	0	0	0	1	2	1	0	0
14	4	1	0	0	1	2	1	0	0
14	4	2	0	0	1	2	1	0	0
14	4	3	0	0	1	2	1	0	0
14	5	0	0	0	1	2	1	0	0
14	5	1	0	0	1	2	1	0	0
14	5	2	0	0	1	2	1	0	0
14	5	3	0	0	1	2	1	0	0
14	6	0	0	0	1	2	1	0	0
14	6	1	0	0	1	2	1	0	0
14	6	2	0	0	1	2	1	0	0
14	6	3	0	0	1	2	1	0	0
14	7	0	0	0	1	2	1	0	0
14	7	1	0	0	1	2	1	0	0
14	7	2	0	0	1	2	1	0	0
14	7	3	0	0	1	2	1	0	0
14	8	0	0	0	1	2	1	0	0
14	8	1	0	0	1	2	1	0	0
14	8	2	0	0	1	2	1	0	0
14	8	3	0	0	1	2	1	0	0
14	9	0	0	0	1	2	1	0	0
14	9	1	0	0	1	2	1	0	0
14	9	2	0	0	1	2	1	0	0
14	9	3	0	0	1	2	1	0	0
15	0	0	0	0	1	2	1	0	0
15	0	1	0	0	1	2	1	0	0
15	0	2	0	0	1	2	1	0	0
15	0	3	0	0	1	2	1	0	0
15	1	0	0	0	1	2	1	0	0
15	1	1	0	0	1	2	1	0	0
15	1	2	0	0	1	2	1	0	0
15	1	3	0	0	1	2	1	0	0
15	2	0	0	0	1	2	1	0	0
15	2	1	0	0	1	2	1	0	0
15	2	2	0	0	1	2	1	0	0
15	2	3	0	0	1	2	1	0	0
15	3	0	0	0	1	2	1	0	0
15	3	1	0	0	1	2	1	0	0
15	3	2	0	0	1	2	1	0	0
15	3	3	0	0	1	2	1	0	0
15	4	0	0	0	1	2	1	0	0
15	4	1	0	0	1	2	1	0	0
15	4	2	0	0	1	2	1	0	0
15	4	3	0	0	1	2	1	0	0
15	5	0	0	0	1	2	1	0	0
15	5	1	0	0	1	2	1	0	0
15	5	2	0	0	1	2	1	0	0
15	5	3	0	0	1	2	1	0	0
15	6	0	0	0	1	2	1	0	0
15	6	1	0	0	1	2	1	0	0
15	6	2	0	0	1	2	1	0	0
15	6	3	0	0	1	2	1	0	0
15	7	0	0	0	1	2	1	0	0
15	7	1	0	0	1	2	1	0	0
15	7	2	0	0	1	2	1	0	0
15	7	3	0	0	1	2	1	0	0
15	8	0	0	0	1	2	1	0	0
15	8	1	0	0	1	2	1	0	0
15	8	2	0	0	1	2	1	0	0
15	8	3	0	0	1	2	1	0	0
15	9	0	0	0	1	2	1	0	0
15	9	1	0	0	1	2	1	0	0
15	9	2	0	0	1	2	1	0	0
15	9	3	0	0	1	2	1	0	0
16	0	0	0	0	1	2	1	0	0
16	0	1	0	0	1	2	1	0	0
16	0	2	0	0	1	2	1	0	0
16	0	3	0	0	1	2	1	0	0
16	1	0	0	0	1	2	1	0	0
16	1	1	0	0	1	2	1	0	0
16	1	2	0	0	1	2	1	0	0
16	1	3	0	0	1	2	1	0	0
16	2	0	0	0	1	2	1	0	0
16	2	1	0	0	1	2	1	0	0
16	2	2	0	0	1	2	1	0	0
16	2	3	0	0	1	2	1	0	0
16	3	0	0	0	1	2	1	0	0
16	3	1	0	0	1	2	1	0	0
16	3	2	0	0	1	2	1	0	0
16	3	3	0	0	1	2	1	0	0
16	4	0	0	0	1	2	1	0	0
16	4	1	0	0	1	2	1	0	0
16	4	2	0	0	1	2	1	0	0
16	4	3	0	0	1	2	1	0	0
16	5	0	0	0	1	2	1	0	0
16	5	1	0	0	1	2	1	0	0
16	5	2	0	0	1	2	1	0	0
16	5	3	0	0	1	2	1	0	0
16	6	0	0	0	1	2	1	0	0
16	6	1	0	0	1	2	1	0	0
16	6	2	0	0	1	2	1	0	0
16	6	3	0	0	1	2	1	0	0
16	7	0	0	0	1	2	1	0	0
16	7	1	0	0	1	2	1	0	0
16	7	2	0	0	1	2	1	0	0
16	7	3	0	0	1	2	1	0	0
16	8	0	0	0	1	2	1	0	0
16	8	1	0	0	1	2	1	0	0
16	8	2	0	0	1	2	1	0	0
16	8	3	0	0	1	2	1	0	0
16	9	0	0	0	1	2	1	0	0
16	9	1	0	0	1	2	1	0	0
16	9	2	0	0	1	2	1	0	0
16	9	3	0	0	1	2	1	0	0
17	0	0	0	0	1	2	1	0	0
17	0	1	0	0	1	2	1	0	0
17	0	2	0	0	1	2	1	0	0
17	0	3	0	0	1	2	1	0	0
17	1	0	0	0	1	2	1	0	0
17	1	1	0	0	1	2	1	0	0
17	1	2	0	0	1	2	1	0	0
17	1	3	0	0	1	2	1	0	0
17	2	0	0	0	1	2	1	0	0
17	2	1	0	0	1	2	1	0	0
17	2	2	0	0	1	2	1	0	0
17	2	3	0	0	1	2	1	0	0
17	3	0	0	0	1	2	1	0	0
17	3	1	0	0	1	2	1	0	0
17	3	2	0	0	1	2	1	0	0
17	3	3	0	0	1	2	1	0	0
17	4	0	0	0	1	2	1	0	0
17	4	1	0	0	1	2	1	0	0
17	4	2	0	0	1	2	1	0	0
17	4	3	0	0	1	2	1	0	0
17	5	0	0	0	1	2	1	0	0
17	5	1	0	0	1	2	1	0	0
17	5	2	0	0	1	2	1	0	0
17	5	3	0	0	1	2	1	0	0
17	6	0	0	0	1	2	1	0	0
17	6	1	0	0	1	2	1	0	0
17	6	2	0	0	1	2	1	0	0
17	6	3	0	0	1	2	1	0	0
17	7	0	0	0	1	2	1	0	0
17	7	1	0	0	1	2	1	0	0
17	7	2	0	0	1	2	1	0	0
17	7	3	0	0	1	2	1	0	0
17	8	0	0	0	1	2	1	0	0
17	8	1	0	0	1	2	1	0	0
17	8	2	0	0	1	2	1	0	0
17	8	3	0	0	1	2	1	0	0
17	9	0	0	0	1	2	1	0	0
17	9	1	0	0	1	2	1	0	0
17	9	2	0	0	1	2	1	0	0
17	9	3	0	0	1	2	1	0	0
18	0	0	0	0	1	2	1	0	0
18	0	1	0	0	1	2	1	0	0
18	0	2	0	0	1	2	1	0	0
18	0	3	0	0	1	2	1	0	0
18	1	0	0	0	1	2	1	0	0
18	1	1	0	0	1	2	1	0	0
18	1	2	0	0	1	2	1	0	0
18	1	3	0	0	1	2	1	0	0
18	2	0	0	0	1	2	1	0	0
18	2	1	0	0	1	2	1	0	0
18	2	2	0	0	1	2	1	0	0
18	2	3	0	0	1	2	1	0	0
18	3	0	0	0	1	2	1	0	0
18	3	1	0	0	1	2	1	0	0
18	3	2	0	0	1	2	1	0	0
18	3	3	0	0	1	2	1	0	0
18	4	0	0	0	1	2	1	0	0
18	4	1	0	0	1	2	1	0	0
18	4	2	0	0	1	2	1	0	0
18	4	3	0	0	1	2	1	0	0
18	5	0	0	0	1	2	1	0	0
18	5	1	0	0	1	2	1	0	0
18	5	2	0	0	1	2	1	0	0
18	5	3	0	0	1	2	1	0	0
18	6	0	0	0	1	2	1	0	0
18	6	1	0	0	1	2	1	0	0
18	6	2	0	0	1	2	1	0	0
18	6	3	0	0	1	2	1	0	0
18	7	0	0	0	1	2	1	0	0
18	7	1	0	0	1	2	1	0	0
18	7	2	0	0	1	2	1	0	0
18	7	3	0	0	1	2	1	0	0
18	8	0	0	0	1	2	1	0	0
18	8	1	0	0	1	2	1	0	0
18	8	2	0	0	1	2	1	0	0
18	8	3	0	0	1	2	1	0	0
18	9	0	0	0	1	2	1	0	0
18	9	1	0	0	1	2	1	0	0
18	9	2	0	0	1	2	1	0	0
18	9	3	0	0	1	2	1	0	0
19	0	0	0	0	1	2	1	0	0
19	0	1	0	0	1	2	1	0	0
19	0	2	0	0	1	2	1	0	0
19	0	3	0	0	1	2	1	0	0
19	1	0	0	0	1	2	1	0	0
19	1	1	0	0	1	2	1	0	0
19	1	2	0	0	1	2	1	0	0
19	1	3	0	0	1	2	1	0	0
19	2	0	0	0	1	2	1	0	0
19	2	1	0	0	1	2	1	0	0
19	2	2	0	0	1	2	1	0	0
19	2	3	0	0	1	2	1	0	0
19	3	0	0	0	1	2	1	0	0
19	3	1	0	0	1	2	1	0	0
19	3	2	0	0	1	2	1	0	0
19	3	3	0	0	1	2	1	0	0
19	4	0	0	0	1	2	1	0	0
19	4	1	0	0	1	2	1	0	0
19	4	2	0	0	1	2	1	0	0
19	4	3	0	0	1	2	1	0	0
19	5	0	0	0	1	2	1	0	0
19	5	1	0	0	1	2	1	0	0
19	5	2	0	0	1	2	1	0	0
19	5	3	0	0	1	2	1	0	0
19	6	0	0	0	1	2	1	0	0
19	6	1	0	0	1	2	1	0	0
19	6	2	0	0	1	2	1	0	0
19	6	3	0	0	1	2	1	0	0
19	7	0	0	0	1	2	1	0	0
19	7	1	0	0	1	2	1	0	0
19	7	2	0	0	1	2	1	0	0
19	7	3	0	0	1	2	1	0	0
19	8	0	0	0	1	2	1	0	0
19	8	1	0	0	1	2	1	0	0
19	8	2	0	0	1	2	1	0	0
19	8	3	0	0	1	2	1	0	0
19	9	0	0	0	1	2	1	0	0
19	9	1	0	0	1	2	1	0	0
19	9	2	0	0	1	2	1	0	0
19	9	3	0	0	1	2	1	0	0
20	0	0	0	0	1	2	1	0	0
20	0	1	0	0	1	2	1	0	0
20	0	2	0	0	1	2	1	0	0
20	0	3	0	0	1	2	1	0	0
20	1	0	0	0	1	2	1	0	0
20	1	1	0	0	1	2	1	0	0
20	1	2	0	0	1	2	1	0	0
20	1	3	0	0	1	2	1	0	0
20	2	0	0	0	1	2	1	0	0
20	2	1	0	0	1	2	1	0	0
20	2	2	0	0	1	2	1	0	0
20	2	3	0	0	1	2	1	0	0
20	3	0	0	0	1	2	1	0	0
20	3	1	0	0	1	2	1	0	0
20	3	2	0	0	1	2	1	0	0
20	3	3	0	0	1	2	1	0	0
20	4	0	0	0	1	2	1	0	0
20	4	1	0	0	1	2	1	0	0
20	4	2	0	0	1	2	1	0	0
20	4	3	0	0	1	2	1	0	0
20	5	0	0	0	1	2	1	0	0
20	5	1	0	0	1	2	1	0	0
20	5	2	0	0	1	2	1	0	0
20	5	3	0	0	1	2	1	0	0
20	6	0	0	0	1	2	1	0	0
20	6	1	0	0	1	2	1	0	0
20	6	2	0	0	1	2	1	0	0
20	6	3	0	0	1	2	1	0	0
20	7	0	0	0	1	2	1	0	0
20	7	1	0	0	1	2	1	0	0
20	7	2	0	0	1	2	1	0	0
20	7	3	0	0	1	2	1	0	0
20	8	0	0	0	1	2	1	0	0
20	8	1	0	0	1	2	1	0	0
20	8	2	0	0	1	2	1	0	0
20	8	3	0	0	1	2	1	0	0
20	9	0	0	0	1	2	1	0	0
20	9	1	0	0	1	2	1	0	0
20	9	2	0	0	1	2	1	0	0
20	9	3	0	0	1	2	1	0	0
21	0	0	0	0	1	2	1	0	0
21	0	1	0	0	1	2	1	0	0
21	0	2	0	0	1	2	1	0	0
21	0	3	0	0	1	2	1	0	0
21	1	0	0	0	1	2	1	0	0
21	1	1	0	0	1	2	1	0	0
21	1	2	0	0	1	2	1	0	0
21	1	3	0	0	1	2	1	0	0
21	2	0	0	0	1	2	1	0	0
21	2	1	0	0	1	2	1	0	0
21	2	2	0	0	1	2	1	0	0
21	2	3	0	0	1	2	1	0	0
21	3	0	0	0	1	2	1	0	0
21	3	1	0	0	1	2	1	0	0
21	3	2	0	0	1	2	1	0	0
21	3	3	0	0	1	2	1	0	0
21	4	0	0	0	1	2	1	0	0
21	4	1	0	0	1	2	1	0	0
21	4	2	0	0	1	2	1	0	0
21	4	3	0	0	1	2	1	0	0
21	5	0	0	0	1	2	1	0	0
21	5	1	0	0	1	2	1	0	0
21	5	2	0	0	1	2	1	0	0
21	5	3	0	0	1	2	1	0	0
21	6	0	0	0	1	2	1	0	0
21	6	1	0	0	1	2	1	0	0
21	6	2	0	0	1	2	1	0	0
21	6	3	0	0	1	2	1	0	0
21	7	0	0	0	1	2	1	0	0
21	7	1	0	0	1	2	1	0	0
21	7	2	0	0	1	2	1	0	0
21	7	3	0	0	1	2	1	0	0
21	8	0	0	0	1	2	1	0	0
21	8	1	0	0	1	2	1	0	0
21	8	2	0	0	1	2	1	0	0
21	8	3	0	0	1	2	1	0	0
21	9	0	0	0	1	2	1	0	0
21	9	1	0	0	1	2	1	0	0
21	9	2	0	0	1	2	1	0	0
21	9	3	0	0	1	2	1	0	0
22	0	0	0	0	1	2	1	0	0
22	0	1	0	0	1	2	1	0	0
22	0	2	0	0	1	2	1	0	0
22	0	3	0	0	1	2	1	0	0
22	1	0	0	0	1	2	1	0	0
22	1	1	0	0	1	2	1	0	0
22	1	2	0	0	1	2	1	0	0
22	1	3	0	0	1	2	1	0	0
22	2	0	0	0	1	2	1	0	0
22	2	1	0	0	1	2	1	0	0
22	2	2	0	0	1	2	1	0	0
22	2	3	0	0	1	2	1	0	0
22	3	0	0	0	1	2	1	0	0
22	3	1	0	0	1	2	1	0	0
22	3	2	0	0	1	2	1	0	0
22	3	3	0	0	1	2	1	0	0
22	4	0	0	0	1	2	1	0	0
22	4	1	0	0	1	2	1	0	0
22	4	2	0	0	1	2	1	0	0
22	4	3	0	0	1	2	1	0	0
22	5	0	0	0	1	2	1	0	0
22	5	1	0	0	1	2	1	0	0
22	5	2	0	0	1	2	1	0	0
22	5	3	0	0	1	2	1	0	0
22	6	0	0	0	1	2	1	0	0
22	6	1	0	0	1	2	1	0	0
22	6	2	0	0	1	2	1	0	0
22	6	3	0	0	1	2	1	0	0
22	7	0	0	0	1	2	1	0	0
22	7	1	0	0	1	2	1	0	0
22	7	2	0	0	1	2	1	0	0
22	7	3	0	0	1	2	1	0	0
22	8	0	0	0	1	2	1	0	0
22	8	1	0	0	1	2	1	0	0
22	8	2	0	0	1	2	1	0	0
22	8	3	0	0	1	2	1	0	0
22	9	0	0	0	1	2	1	0	0
22	9	1	0	0	1	2	1	0	0
22	9	2	0	0	1	2	1	0	0
22	9	3	0	0	1	2	1	0	0
23	0	0	0	0	1	2	1	0	0
23	0	1	0	0	1	2	1	0	0
23	0	2	0	0	1	2	1	0	0
23	0	3	0	0	1	2	1	0	0
23	1	0	0	0	1	2	1	0	0
23	1	1	0	0	1	2	1	0	0
23	1	2	0	0	1	2	1	0	0
23	1	3	0	0	1	2	1	0	0
23	2	0	0	0	1	2	1	0	0
23	2	1	0	0	1	2	1	0	0
23	2	2	0	0	1	2	1	0	0
23	2	3	0	0	1	2	1	0	0
23	3	0	0	0	1	2	1	0	0
23	3	1	0	0	1	2	1	0	0
23	3	2	0	0	1	2	1	0	0
23	3	3	0	0	1	2	1	0	0
23	4	0	0	0	1	2	1	0	0
23	4	1	0	0	1	2	1	0	0
23	4	2	0	0	1	2	1	0	0
23	4	3	0	0	1	2	1	0	0
23	5	0	0	0	1	2	1	0	0
23	5	1	0	0	1	2	1	0	0
23	5	2	0	0	1	2	1	0	0
23	5	3	0	0	1	2	1	0	0
23	6	0	0	0	1	2	1	0	0
23	6	1	0	0	1	2	1	0	0
23	6	2	0	0	1	2	1	0	0
23	6	3	0	0	1	2	1	0	0
23	7	0	0	0	1	2	1	0	0
23	7	1	0	0	1	2	1	0	0
23	7	2	0	0	1	2	1	0	0
23	7	3	0	0	1	2	1	0	0
23	8	0	0	0	1	2	1	0	0
23	8	1	0	0	1	2	1	0	0
23	8	2	0	0	1	2	1	0	0
23	8	3	0	0	1	2	1	0	0
23	9	0	0	0	1	2	1	0	0
23	9	1	0	0	1	2	1	0	0
23	9	2	0	0	1	2	1	0	0
23	9	3	0	0	1	2	1	0	0
24	0	0	0	0	1	2	1	0	0
24	0	1	0	0	1	2	1	0	0
24	0	2	0	0	1	2	1	0	0
24	0	3	0	0	1	2	1	0	0
24	1	0	0	0	1	2	1	0	0
24	1	1	0	0	1	2	1	0	0
24	1	2	0	0	1	2	1	0	0
24	1	3	0	0	1	2	1	0	0
24	2	0	0	0	1	2	1	0	0
24	2	0	1	1	1	0	1	0	0
24	2	1	0	0	1	2	1	0	0
24	2	2	0	0	1	2	1	0	0
24	2	3	0	0	1	2	1	0	0
24	3	0	0	0	1	2	1	0	0
24	3	1	0	0	1	2	1	0	0
24	3	2	0	0	1	2	1	0	0
24	3	3	0	0	1	2	1	0	0
24	4	0	0	0	1	2	1	0	0
24	4	1	0	0	1	2	1	0	0
24	4	2	0	0	1	2	1	0	0
24	4	3	0	0	1	2	1	0	0
24	5	0	0	0	1	2	1	0	0
24	5	1	0	0	1	2	1	0	0
24	5	2	0	0	1	2	1	0	0
24	5	3	0	0	1	2	1	0	0
24	6	0	0	0	1	2	1	0	0
24	6	1	0	0	1	2	1	0	0
24	6	2	0	0	1	2	1	0	0
24	6	3	0	0	1	2	1	0	0
24	7	0	0	0	1	2	1	0	0
24	7	1	0	0	1	2	1	0	0
24	7	2	0	0	1	2	1	0	0
24	7	3	0	0	1	2	1	0	0
24	8	0	0	0	1	2	1	0	0
24	8	1	0	0	1	2	1	0	0
24	8	2	0	0	1	2	1	0	0
24	8	3	0	0	1	2	1	0	0
24	9	0	0	0	1	2	1	0	0
24	9	1	0	0	1	2	1	0	0
24	9	2	0	0	1	2	1	0	0
24	9	3	0	0	1	2	1	0	0
25	0	0	0	0	1	2	1	0	0
25	0	1	0	0	1	2	1	0	0
25	0	2	0	0	1	2	1	0	0
25	0	3	0	0	1	2	1	0	0
25	1	0	0	0	1	2	1	0	0
25	1	1	0	0	1	2	1	0	0
25	1	2	0	0	1	2	1	0	0
25	1	3	0	0	1	2	1	0	0
25	2	0	0	0	1	2	1	0	0
25	2	1	0	0	1	2	1	0	0
25	2	1	1	1	1	0	1	0	0
25	2	2	0	0	1	2	1	0	0
25	2	3	0	0	1	2	1	0	0
25	3	0	0	0	1	2	1	0	0
25	3	1	0	0	1	2	1	0	0
25	3	2	0	0	1	2	1	0	0
25	3	3	0	0	1	2	1	0	0
25	4	0	0	0	1	2	1	0	0
25	4	1	0	0	1	2	1	0	0
25	4	2	0	0	1	2	1	0	0
25	4	3	0	0	1	2	1	0	0
25	5	0	0	0	1	2	1	0	0
25	5	1	0	0	1	2	1	0	0
25	5	2	0	0	1	2	1	0	0
25	5	3	0	0	1	2	1	0	0
25	6	0	0	0	1	2	1	0	0
25	6	1	0	0	1	2	1	0	0
25	6	2	0	0	1	2	1	0	0
25	6	3	0	0	1	2	1	0	0
25	7	0	0	0	1	2	1	0	0
25	7	1	0	0	1	2	1	0	0
25	7	2	0	0	1	2	1	0	0
25	7	3	0	0	1	2	1	0	0
25	8	0	0	0	1	2	1	0	0
25	8	1	0	0	1	2	1	0	0
25	8	2	0	0	1	2	1	0	0
25	8	3	0	0	1	2	1	0	0
25	9	0	0	0	1	2	1	0	0
25	9	1	0	0	1	2	1	0	0
25	9	2	0	0	1	2	1	0	0
25	9	3	0	0	1	2	1	0	0
26	0	0	0	0	1	2	1	0	0
26	0	1	0	0	1	2	1	0	0
26	0	2	0	0	1	2	1	0	0
26	0	3	0	0	1	2	1	0	0
26	1	0	0	0	1	2	1	0	0
26	1	1	0	0	1	2	1	0	0
26	1	2	0	0	1	2	1	0	0
26	1	3	0	0	1	2	1	0	0
26	2	0	0	0	1	2	1	0	0
26	2	1	0	0	1	2	1	0	0
26	2	2	0	0	1	2	1	0	0
26	2	2	1	1	1	0	1	0	0
26	2	3	0	0	1	2	1	0	0
26	3	0	0	0	1	2	1	0	0
26	3	1	0	0	1	2	1	0	0
26	3	2	0	0	1	2	1	0	0
26	3	3	0	0	1	2	1	0	0
26	4	0	0	0	1	2	1	0	0
26	4	1	0	0	1	2	1	0	0
26	4	2	0	0	1	2	1	0	0
26	4	3	0	0	1	2	1	0	0
26	5	0	0	0	1	2	1	0	0
26	5	1	0	0	1	2	1	0	0
26	5	2	0	0	1	2	1	0	0
26	5	3	0	0	1	2	1	0	0
26	6	0	0	0	1	2	1	0	0
26	6	1	0	0	1	2	1	0	0
26	6	2	0	0	1	2	1	0	0
26	6	3	0	0	1	2	1	0	0
26	7	0	0	0	1	2	1	0	0
26	7	1	0	0	1	2	1	0	0
26	7	2	0	0	1	2	1	0	0
26	7	3	0	0	1	2	1	0	0
26	8	0	0	0	1	2	1	0	0
26	8	1	0	0	1	2	1	0	0
26	8	2	0	0	1	2	1	0	0
26	8	3	0	0	1	2	1	0	0
26	9	0	0	0	1	2	1	0	0
26	9	1	0	0	1	2	1	0	0
26	9	2	0	0	1	2	1	0	0
26	9	3	0	0	1	2	1	0	0
27	0	0	0	0	1	2	1	0	0
27	0	1	0	0	1	2	1	0	0
27	0	2	0	0	1	2	1	0	0
27	0	3	0	0	1	2	1	0	0
27	1	0	0	0	1	2	1	0	0
27	1	1	0	0	1	2	1	0	0
27	1	2	0	0	1	2	1	0	0
27	1	3	0	0	1	2	1	0	0
27	2	0	0	0	1	2	1	0	0
27	2	1	0	0	1	2	1	0	0
27	2	2	0	0	1	2	1	0	0
27	2	3	0	0	1	2	1	0	0
27	2	3	1	1	1	0	1	0	0
27	3	0	0	0	1	2	1	0	0
27	3	1	0	0	1	2	1	0	0
27	3	2	0	0	1	2	1	0	0
27	3	3	0	0	1	2	1	0	0
27	4	0	0	0	1	2	1	0	0
27	4	1	0	0	1	2	1	0	0
27	4	2	0	0	1	2	1	0	0
27	4	3	0	0	1	2	1	0	0
27	5	0	0	0	1	2	1	0	0
27	5	1	0	0	1	2	1	0	0
27	5	2	0	0	1	2	1	0	0
27	5	3	0	0	1	2	1	0	0
27	6	0	0	0	1	2	1	0	0
27	6	1	0	0	1	2	1	0	0
27	6	2	0	0	1	2	1	0	0
27	6	3	0	0	1	2	1	0	0
27	7	0	0	0	1	2	1	0	0
27	7	1	0	0	1	2	1	0	0
27	7	2	0	0	1	2	1	0	0
27	7	3	0	0	1	2	1	0	0
27	8	0	0	0	1	2	1	0	0
27	8	1	0	0	1	2	1	0	0
27	8	2	0	0	1	2	1	0	0
27	8	3	0	0	1	2	1	0	0
27	9	0	0	0	1	2	1	0	0
27	9	1	0	0	1	2	1	0	0
27	9	2	0	0	1	2	1	0	0
27	9	3	0	0	1	2	1	0	0
28	0	0	0	0	1	2	1	0	0
28	0	1	0	0	1	2	1	0	0
28	0	2	0	0	1	2	1	0	0
28	0	3	0	0	1	2	1	0	0
28	1	0	0	0	1	2	1	0	0
28	1	1	0	0	1	2	1	0	0
28	1	2	0	0	1	2	1	0	0
28	1	3	0	0	1	2	1	0	0
28	2	0	0	0	1	2	1	0	0
28	2	1	0	0	1	2	1	0	0
28	2	2	0	0	1	2	1	0	0
28	2	3	0	0	1	2	1	0	0
28	3	0	0	0	1	2	1	0	0
28	3	0	1	1	1	0	1	0	0
28	3	1	0	0	1	2	1	0	0
28	3	2	0	0	1	2	1	0	0
28	3	3	0	0	1	2	1	0	0
28	4	0	0	0	1	2	1	0	0
28	4	1	0	0	1	2	1	0	0
28	4	2	0	0	1	2	1	0	0
28	4	3	0	0	1	2	1	0	0
28	5	0	0	0	1	2	1	0	0
28	5	1	0	0	1	2	1	0	0
28	5	2	0	0	1	2	1	0	0
28	5	3	0	0	1	2	1	0	0
28	6	0	0	0	1	2	1	0	0
28	6	1	0	0	1	2	1	0	0
28	6	2	0	0	1	2	1	0	0
28	6	3	0	0	1	2	1	0	0
28	7	0	0	0	1	2	1	0	0
28	7	1	0	0	1	2	1	0	0
28	7	2	0	0	1	2	1	0	0
28	7	3	0	0	1	2	1	0	0
28	8	0	0	0	1	2	1	0	0
28	8	1	0	0	1	2	1	0	0
28	8	2	0	0	1	2	1	0	0
28	8	3	0	0	1	2	1	0	0
28	9	0	0	0	1	2	1	0	0
28	9	1	0	0	1	2	1	0	0
28	9	2	0	0	1	2	1	0	0
28	9	3	0	0	1	2	1	0	0
29	0	0	0	0	1	2	1	0	0
29	0	1	0	0	1	2	1	0	0
29	0	2	0	0	1	2	1	0	0
29	0	3	0	0	1	2	1	0	0
29	1	0	0	0	1	2	1	0	0
29	1	1	0	0	1	2	1	0	0
29	1	2	0	0	1	2	1	0	0
29	1	3	0	0	1	2	1	0	0
29	2	0	0	0	1	2	1	0	0
29	2	1	0	0	1	2	1	0	0
29	2	2	0	0	1	2	1	0	0
29	2	3	0	0	1	2	1	0	0
29	3	0	0	0	1	2	1	0	0
29	3	1	0	0	1	2	1	0	0
29	3	1	1	1	1	0	1	0	0
29	3	2	0	0	1	2	1	0	0
29	3	3	0	0	1	2	1	0	0
29	4	0	0	0	1	2	1	0	0
29	4	1	0	0	1	2	1	0	0
29	4	2	0	0	1	2	1	0	0
29	4	3	0	0	1	2	1	0	0
29	5	0	0	0	1	2	1	0	0
29	5	1	0	0	1	2	1	0	0
29	5	2	0	0	1	2	1	0	0
29	5	3	0	0	1	2	1	0	0
29	6	0	0	0	1	2	1	0	0
29	6	1	0	0	1	2	1	0	0
29	6	2	0	0	1	2	1	0	0
29	6	3	0	0	1	2	1	0	0
29	7	0	0	0	1	2	1	0	0
29	7	1	0	0	1	2	1	0	0
29	7	2	0	0	1	2	1	0	0
29	7	3	0	0	1	2	1	0	0
29	8	0	0	0	1	2	1	0	0
29	8	1	0	0	1	2	1	0	0
29	8	2	0	0	1	2	1	0	0
29	8	3	0	0	1	2	1	0	0
29	9	0	0	0	1	2	1	0	0
29	9	1	0	0	1	2	1	0	0
29	9	2	0	0	1	2	1	0	0
29	9	3	0	0	1	2	1	0	0
30	0	0	0	0	1	2	1	0	0
30	0	1	0	0	1	2	1	0	0
30	0	2	0	0	1	2	1	0	0
30	0	3	0	0	1	2	1	0	0
30	1	0	0	0	1	2	1	0	0
30	1	1	0	0	1	2	1	0	0
30	1	2	0	0	1	2	1	0	0
30	1	3	0	0	1	2	1	0	0
30	2	0	0	0	1	2	1	0	0
30	2	1	0	0	1	2	1	0	0
30	2	2	0	0	1	2	1	0	0
30	2	3	0	0	1	2	1	0	0
30	3	0	0	0	1	2	1	0	0
30	3	1	0	0	1	2	1	0	0
30	3	2	0	0	1	2	1	0	0
30	3	2	1	1	1	0	1	0	0
30	3	3	0	0	1	2	1	0	0
30	4	0	0	0	1	2	1	0	0
30	4	1	0	0	1	2	1	0	0
30	4	2	0	0	1	2	1	0	0
30	4	3	0	0	1	2	1	0	0
30	5	0	0	0	1	2	1	0	0
30	5	1	0	0	1	2	1	0	0
30	5	2	0	0	1	2	1	0	0
30	5	3	0	0	1	2	1	0	0
30	6	0	0	0	1	2	1	0	0
30	6	1	0	0	1	2	1	0	0
30	6	2	0	0	1	2	1	0	0
30	6	3	0	0	1	2	1	0	0
30	7	0	0	0	1	2	1	0	0
30	7	1	0	0	1	2	1	0	0
30	7	2	0	0	1	2	1	0	0
30	7	3	0	0	1	2	1	0	0
30	8	0	0	0	1	2	1	0	0
30	8	1	0	0	1	2	1	0	0
30	8	2	0	0	1	2	1	0	0
30	8	3	0	0	1	2	1	0	0
30	9	0	0	0	1	2	1	0	0
30	9	1	0	0	1	2	1	0	0
30	9	2	0	0	1	2	1	0	0
30	9	3	0	0	1	2	1	0	0
31	0	0	0	0	1	2	1	0	0
31	0	1	0	0	1	2	1	0	0
31	0	2	0	0	1	2	1	0	0
31	0	3	0	0	1	2	1	0	0
31	1	0	0	0	1	2	1	0	0
31	1	1	0	0	1	2	1	0	0
31	1	2	0	0	1	2	1	0	0
31	1	3	0	0	1	2	1	0	0
31	2	0	0	0	1	2	1	0	0
31	2	1	0	0	1	2	1	0	0
31	2	2	0	0	1	2	1	0	0
31	2	3	0	0	1	2	1	0	0
31	3	0	0	0	1	2	1	0	0
31	3	1	0	0	1	2	1	0	0
31	3	2	0	0	1	2	1	0	0
31	3	3	0	0	1	2	1	0	0
31	4	0	0	0	1	2	1	0	0
31	4	0	1	1	1	0	1	0	0
31	4	1	0	0	1	2	1	0	0
31	4	2	0	0	1	2	1	0	0
31	4	3	0	0	1	2	1	0	0
31	5	0	0	0	1	2	1	0	0
31	5	1	0	0	1	2	1	0	0
31	5	2	0	0	1	2	1	0	0
31	5	3	0	0	1	2	1	0	0
31	6	0	0	0	1	2	1	0	0
31	6	1	0	0	1	2	1	0	0
31	6	2	0	0	1	2	1	0	0
31	6	3	0	0	1	2	1	0	0
31	7	0	0	0	1	2	1	0	0
31	7	1	0	0	1	2	1	0	0
31	7	2	0	0	1	2	1	0	0
31	7	3	0	0	1	2	1	0	0
31	8	0	0	0	1	2	1	0	0
31	8	1	0	0	1	2	1	0	0
31	8	2	0	0	1	2	1	0	0
31	8	3	0	0	1	2	1	0	0
31	9	0	0	0	1	2	1	0	0
31	9	1	0	0	1	2	1	0	0
31	9	2	0	0	1	2	1	0	0
31	9	3	0	0	1	2	1	0	0
32	0	0	0	0	1	2	1	0	0
32	0	1	0	0	1	2	1	0	0
32	0	2	0	0	1	2	1	0	0
32	0	3	0	0	1	2	1	0	0
32	1	0	0	0	1	2	1	0	0
32	1	1	0	0	1	2	1	0	0
32	1	2	0	0	1	2	1	0	0
32	1	3	0	0	1	2	1	0	0
32	2	0	0	0	1	2	1	0	0
32	2	1	0	0	1	2	1	0	0
32	2	2	0	0	1	2	1	0	0
32	2	3	0	0	1	2	1	0	0
32	3	0	0	0	1	2	1	0	0
32	3	1	0	0	1	2	1	0	0
32	3	2	0	0	1	2	1	0	0
32	3	3	0	0	1	2	1	0	0
32	4	0	0	0	1	2	1	0	0
32	4	1	0	0	1	2	1	0	0
32	4	1	1	1	1	0	1	0	0
32	4	2	0	0	1	2	1	0	0
32	4	3	0	0	1	2	1	0	0
32	5	0	0	0	1	2	1	0	0
32	5	1	0	0	1	2	1	0	0
32	5	2	0	0	1	2	1	0	0
32	5	3	0	0	1	2	1	0	0
32	6	0	0	0	1	2	1	0	0
32	6	1	0	0	1	2	1	0	0
32	6	2	0	0	1	2	1	0	0
32	6	3	0	0	1	2	1	0	0
32	7	0	0	0	1	2	1	0	0
32	7	1	0	0	1	2	1	0	0
32	7	2	0	0	1	2	1	0	0
32	7	3	0	0	1	2	1	0	0
32	8	0	0	0	1	2	1	0	0
32	8	1	0	0	1	2	1	0	0
32	8	2	0	0	1	2	1	0	0
32	8	3	0	0	1	2	1	0	0
32	9	0	0	0	1	2	1	0	0
32	9	1	0	0	1	2	1	0	0
32	9	2	0	0	1	2	1	0	0
32	9	3	0	0	1	2	1	0	0
33	0	0	0	0	1	2	1	0	0
33	0	1	0	0	1	2	1	0	0
33	0	2	0	0	1	2	1	0	0
33	0	3	0	0	1	2	1	0	0
33	1	0	0	0	1	2	1	0	0
33	1	1	0	0	1	2	1	0	0
33	1	2	0	0	1	2	1	0	0
33	1	3	0	0	1	2	1	0	0
33	2	0	0	0	1	2	1	0	0
33	2	1	0	0	1	2	1	0	0
33	2	2	0	0	1	2	1	0	0
33	2	3	0	0	1	2	1	0	0
33	3	0	0	0	1	2	1	0	0
33	3	1	0	0	1	2	1	0	0
33	3	2	0	0	1	2	1	0	0
33	3	3	0	0	1	2	1	0	0
33	4	0	0	0	1	2	1	0	0
33	4	1	0	0	1	2	1	0	0
33	4	2	0	0	1	2	1	0	0
33	4	2	1	1	1	0	1	0	0
33	4	3	0	0	1	2	1	0	0
33	5	0	0	0	1	2	1	0	0
33	5	1	0	0	1	2	1	0	0
33	5	2	0	0	1	2	1	0	0
33	5	3	0	0	1	2	1	0	0
33	6	0	0	0	1	2	1	0	0
33	6	1	0	0	1	2	1	0	0
33	6	2	0	0	1	2	1	0	0
33	6	3	0	0	1	2	1	0	0
33	7	0	0	0	1	2	1	0	0
33	7	1	0	0	1	2	1	0	0
33	7	2	0	0	1	2	1	0	0
33	7	3	0	0	1	2	1	0	0
33	8	0	0	0	1	2	1	0	0
33	8	1	0	0	1	2	1	0	0
33	8	2	0	0	1	2	1	0	0
33	8	3	0	0	1	2	1	0	0
33	9	0	0	0	1	2	1	0	0
33	9	1	0	0	1	2	1	0	0
33	9	2	0	0	1	2	1	0	0
33	9	3	0	0	1	2	1	0	0
34	0	0	0	0	1	2	1	0	0
34	0	1	0	0	1	2	1	0	0
34	0	2	0	0	1	2	1	0	0
34	0	3	0	0	1	2	1	0	0
34	1	0	0	0	1	2	1	0	0
34	1	1	0	0	1	2	1	0	0
34	1	2	0	0	1	2	1	0	0
34	1	3	0	0	1	2	1	0	0
34	2	0	0	0	1	2	1	0	0
34	2	1	0	0	1	2	1	0	0
34	2	2	0	0	1	2	1	0	0
34	2	3	0	0	1	2	1	0	0
34	3	0	0	0	1	2	1	0	0
34	3	1	0	0	1	2	1	0	0
34	3	2	0	0	1	2	1	0	0
34	3	3	0	0	1	2	1	0	0
34	4	0	0	0	1	2	1	0	0
34	4	1	0	0	1	2	1	0	0
34	4	2	0	0	1	2	1	0	0
34	4	3	0	0	1	2	1	0	0
34	4	3	1	1	1	0	1	0	0
34	5	0	0	0	1	2	1	0	0
34	5	1	0	0	1	2	1	0	0
34	5	2	0	0	1	2	1	0	0
34	5	3	0	0	1	2	1	0	0
34	6	0	0	0	1	2	1	0	0
34	6	1	0	0	1	2	1	0	0
34	6	2	0	0	1	2	1	0	0
34	6	3	0	0	1	2	1	0	0
34	7	0	0	0	1	2	1	0	0
34	7	1	0	0	1	2	1	0	0
34	7	2	0	0	1	2	1	0	0
34	7	3	0	0	1	2	1	0	0
34	8	0	0	0	1	2	1	0	0
34	8	1	0	0	1	2	1	0	0
34	8	2	0	0	1	2	1	0	0
34	8	3	0	0	1	2	1	0	0
34	9	0	0	0	1	2	1	0	0
34	9	1	0	0	1	2	1	0	0
34	9	2	0	0	1	2	1	0	0
34	9	3	0	0	1	2	1	0	0
35	0	0	0	0	1	2	1	0	0
35	0	1	0	0	1	2	1	0	0
35	0	2	0	0	1	2	1	0	0
35	0	3	0	0	1	2	1	0	0
35	1	0	0	0	1	2	1	0	0
35	1	1	0	0	1	2	1	0	0
35	1	2	0	0	1	2	1	0	0
35	1	3	0	0	1	2	1	0	0
35	2	0	0	0	1	2	1	0	0
35	2	1	0	0	1	2	1	0	0
35	2	2	0	0	1	2	1	0	0
35	2	3	0	0	1	2	1	0	0
35	3	0	0	0	1	2	1	0	0
35	3	1	0	0	1	2	1	0	0
35	3	2	0	0	1	2	1	0	0
35	3	3	0	0	1	2	1	0	0
35	4	0	0	0	1	2	1	0	0
35	4	1	0	0	1	2	1	0	0
35	4	2	0	0	1	2	1	0	0
35	4	3	0	0	1	2	1	0	0
35	5	0	0	0	1	2	1	0	0
35	5	0	1	1	1	0	1	0	0
35	5	1	0	0	1	2	1	0	0
35	5	2	0	0	1	2	1	0	0
35	5	3	0	0	1	2	1	0	0
35	6	0	0	0	1	2	1	0	0
35	6	1	0	0	1	2	1	0	0
35	6	2	0	0	1	2	1	0	0
35	6	3	0	0	1	2	1	0	0
35	7	0	0	0	1	2	1	0	0
35	7	1	0	0	1	2	1	0	0
35	7	2	0	0	1	2	1	0	0
35	7	3	0	0	1	2	1	0	0
35	8	0	0	0	1	2	1	0	0
35	8	1	0	0	1	2	1	0	0
35	8	2	0	0	1	2	1	0	0
35	8	3	0	0	1	2	1	0	0
35	9	0	0	0	1	2	1	0	0
35	9	1	0	0	1	2	1	0	0
35	9	2	0	0	1	2	1	0	0
35	9	3	0	0	1	2	1	0	0
36	0	0	0	0	1	2	1	0	0
36	0	1	0	0	1	2	1	0	0
36	0	2	0	0	1	2	1	0	0
36	0	3	0	0	1	2	1	0	0
36	1	0	0	0	1	2	1	0	0
36	1	1	0	0	1	2	1	0	0
36	1	2	0	0	1	2	1	0	0
36	1	3	0	0	1	2	1	0	0
36	2	0	0	0	1	2	1	0	0
36	2	1	0	0	1	2	1	0	0
36	2	2	0	0	1	2	1	0	0
36	2	3	0	0	1	2	1	0	0
36	3	0	0	0	1	2	1	0	0
36	3	1	0	0	1	2	1	0	0
36	3	2	0	0	1	2	1	0	0
36	3	3	0	0	1	2	1	0	0
36	4	0	0	0	1	2	1	0	0
36	4	1	0	0	1	2	1	0	0
36	4	2	0	0	1	2	1	0	0
36	4	3	0	0	1	2	1	0	0
36	5	0	0	0	1	2	1	0	0
36	5	1	0	0	1	2	1	0	0
36	5	1	1	1	1	0	1	0	0
36	5	2	0	0	1	2	1	0	0
36	5	3	0	0	1	2	1	0	0
36	6	0	0	0	1	2	1	0	0
36	6	1	0	0	1	2	1	0	0
36	6	2	0	0	1	2	1	0	0
36	6	3	0	0	1	2	1	0	0
36	7	0	0	0	1	2	1	0	0
36	7	1	0	0	1	2	1	0	0
36	7	2	0	0	1	2	1	0	0
36	7	3	0	0	1	2	1	0	0
36	8	0	0	0	1	2	1	0	0
36	8	1	0	0	1	2	1	0	0
36	8	2	0	0	1	2	1	0	0
36	8	3	0	0	1	2	1	0	0
36	9	0	0	0	1	2	1	0	0
36	9	1	0	0	1	2	1	0	0
36	9	2	0	0	1	2	1	0	0
36	9	3	0	0	1	2	1	0	0
37	0	0	0	0	1	2	1	0	0
37	0	1	0	0	1	2	1	0	0
37	0	2	0	0	1	2	1	0	0
37	0	3	0	0	1	2	1	0	0
37	1	0	0	0	1	2	1	0	0
37	1	1	0	0	1	2	1	0	0
37	1	2	0	0	1	2	1	0	0
37	1	3	0	0	1	2	1	0	0
37	2	0	0	0	1	2	1	0	0
37	2	1	0	0	1	2	1	0	0
37	2	2	0	0	1	2	1	0	0
37	2	3	0	0	1	2	1	0	0
37	3	0	0	0	1	2	1	0	0
37	3	1	0	0	1	2	1	0	0
37	3	2	0	0	1	2	1	0	0
37	3	3	0	0	1	2	1	0	0
37	4	0	0	0	1	2	1	0	0
37	4	1	0	0	1	2	1	0	0
37	4	2	0	0	1	2	1	0	0
37	4	3	0	0	1	2	1	0	0
37	5	0	0	0	1	2	1	0	0
37	5	1	0	0	1	2	1	0	0
37	5	2	0	0	1	2	1	0	0
37	5	2	1	1	1	0	1	0	0
37	5	3	0	0	1	2	1	0	0
37	6	0	0	0	1	2	1	0	0
37	6	1	0	0	1	2	1	0	0
37	6	2	0	0	1	2	1	0	0
37	6	3	0	0	1	2	1	0	0
37	7	0	0	0	1	2	1	0	0
37	7	1	0	0	1	2	1	0	0
37	7	2	0	0	1	2	1	0	0
37	7	3	0	0	1	2	1	0	0
37	8	0	0	0	1	2	1	0	0
37	8	1	0	0	1	2	1	0	0
37	8	2	0	0	1	2	1	0	0
37	8	3	0	0	1	2	1	0	0
37	9	0	0	0	1	2	1	0	0
37	9	1	0	0	1	2	1	0	0
37	9	2	0	0	1	2	1	0	0
37	9	3	0	0	1	2	1	0	0
38	0	0	0	0	1	2	1	0	0
38	0	1	0	0	1	2	1	0	0
38	0	2	0	0	1	2	1	0	0
38	0	3	0	0	1	2	1	0	0
38	1	0	0	0	1	2	1	0	0
38	1	1	0	0	1	2	1	0	0
38	1	2	0	0	1	2	1	0	0
38	1	3	0	0	1	2	1	0	0
38	2	0	0	0	1	2	1	0	0
38	2	1	0	0	1	2	1	0	0
38	2	2	0	0	1	2	1	0	0
38	2	3	0	0	1	2	1	0	0
38	3	0	0	0	1	2	1	0	0
38	3	1	0	0	1	2	1	0	0
38	3	2	0	0	1	2	1	0	0
38	3	3	0	0	1	2	1	0	0
38	4	0	0	0	1	2	1	0	0
38	4	1	0	0	1	2	1	0	0
38	4	2	0	0	1	2	1	0	0
38	4	3	0	0	1	2	1	0	0
38	5	0	0	0	1	2	1	0	0
38	5	1	0	0	1	2	1	0	0
38	5	2	0	0	1	2	1	0	0
38	5	3	0	0	1	2	1	0	0
38	5	3	1	1	1	0	1	0	0
38	6	0	0	0	1	2	1	0	0
38	6	1	0	0	1	2	1	0	0
38	6	2	0	0	1	2	1	0	0
38	6	3	0	0	1	2	1	0	0
38	7	0	0	0	1	2	1	0	0
38	7	1	0	0	1	2	1	0	0
38	7	2	0	0	1	2	1	0	0
38	7	3	0	0	1	2	1	0	0
38	8	0	0	0	1	2	1	0	0
38	8	1	0	0	1	2	1	0	0
38	8	2	0	0	1	2	1	0	0
38	8	3	0	0	1	2	1	0	0
38	9	0	0	0	1	2	1	0	0
38	9	1	0	0	1	2	1	0	0
38	9	2	0	0	1	2	1	0	0
38	9	3	0	0	1	2	1	0	0
39	0	0	0	0	1	2	1	0	0
39	0	1	0	0	1	2	1	0	0
39	0	2	0	0	1	2	1	0	0
39	0	3	0	0	1	2	1	0	0
39	1	0	0	0	1	2	1	0	0
39	1	1	0	0	1	2	1	0	0
39	1	2	0	0	1	2	1	0	0
39	1	3	0	0	1	2	1	0	0
39	2	0	0	0	1	2	1	0	0
39	2	1	0	0	1	2	1	0	0
39	2	2	0	0	1	2	1	0	0
39	2	3	0	0	1	2	1	0	0
39	3	0	0	0	1	2	1	0	0
39	3	1	0	0	1	2	1	0	0
39	3	2	0	0	1	2	1	0	0
39	3	3	0	0	1	2	1	0	0
39	4	0	0	0	1	2	1	0	0
39	4	1	0	0	1	2	1	0	0
39	4	2	0	0	1	2	1	0	0
39	4	3	0	0	1	2	1	0	0
39	5	0	0	0	1	2	1	0	0
39	5	1	0	0	1	2	1	0	0
39	5	2	0	0	1	2	1	0	0
39	5	3	0	0	1	2	1	0	0
39	6	0	0	0	1	2	1	0	0
39	6	0	1	1	1	0	1	0	0
39	6	1	0	0	1	2	1	0	0
39	6	2	0	0	1	2	1	0	0
39	6	3	0	0	1	2	1	0	0
39	7	0	0	0	1	2	1	0	0
39	7	1	0	0	1	2	1	0	0
39	7	2	0	0	1	2	1	0	0
39	7	3	0	0	1	2	1	0	0
39	8	0	0	0	1	2	1	0	0
39	8	1	0	0	1	2	1	0	0
39	8	2	0	0	1	2	1	0	0
39	8	3	0	0	1	2	1	0	0
39	9	0	0	0	1	2	1	0	0
39	9	1	0	0	1	2	1	0	0
39	9	2	0	0	1	2	1	0	0
39	9	3	0	0	1	2	1	0	0
40	0	0	0	0	1	2	1	0	0
40	0	1	0	0	1	2	1	0	0
40	0	2	0	0	1	2	1	0	0
40	0	3	0	0	1	2	1	0	0
40	1	0	0	0	1	2	1	0	0
40	1	1	0	0	1	2	1	0	0
40	1	2	0	0	1	2	1	0	0
40	1	3	0	0	1	2	1	0	0
40	2	0	0	0	1	2	1	0	0
40	2	1	0	0	1	2	1	0	0
40	2	2	0	0	1	2	1	0	0
40	2	3	0	0	1	2	1	0	0
40	3	0	0	0	1	2	1	0	0
40	3	1	0	0	1	2	1	0	0
40	3	2	0	0	1	2	1	0	0
40	3	3	0	0	1	2	1	0	0
40	4	0	0	0	1	2	1	0	0
40	4	1	0	0	1	2	1	0	0
40	4	2	0	0	1	2	1	0	0
40	4	3	0	0	1	2	1	0	0
40	5	0	0	0	1	2	1	0	0
40	5	1	0	0	1	2	1	0	0
40	5	2	0	0	1	2	1	0	0
40	5	3	0	0	1	2	1	0	0
40	6	0	0	0	1	2	1	0	0
40	6	1	0	0	1	2	1	0	0
40	6	1	1	1	1	0	1	0	0
40	6	2	0	0	1	2	1	0	0
40	6	3	0	0	1	2	1	0	0
40	7	0	0	0	1	2	1	0	0
40	7	1	0	0	1	2	1	0	0
40	7	2	0	0	1	2	1	0	0
40	7	3	0	0	1	2	1	0	0
40	8	0	0	0	1	2	1	0	0
40	8	1	0	0	1	2	1	0	0
40	8	2	0	0	1	2	1	0	0
40	8	3	0	0	1	2	1	0	0
40	9	0	0	0	1	2	1	0	0
40	9	1	0	0	1	2	1	0	0
40	9	2	0	0	1	2	1	0	0
40	9	3	0	0	1	2	1	0	0
41	0	0	0	0	1	2	1	0	0
41	0	1	0	0	1	2	1	0	0
41	0	2	0	0	1	2	1	0	0
41	0	3	0	0	1	2	1	0	0
41	1	0	0	0	1	2	1	0	0
41	1	1	0	0	1	2	1	0	0
41	1	2	0	0	1	2	1	0	0
41	1	3	0	0	1	2	1	0	0
41	2	0	0	0	1	2	1	0	0
41	2	1	0	0	1	2	1	0	0
41	2	2	0	0	1	2	1	0	0
41	2	3	0	0	1	2	1	0	0
41	3	0	0	0	1	2	1	0	0
41	3	1	0	0	1	2	1	0	0
41	3	2	0	0	1	2	1	0	0
41	3	3	0	0	1	2	1	0	0
41	4	0	0	0	1	2	1	0	0
41	4	1	0	0	1	2	1	0	0
41	4	2	0	0	1	2	1	0	0
41	4	3	0	0	1	2	1	0	0
41	5	0	0	0	1	2	1	0	0
41	5	1	0	0	1	2	1	0	0
41	5	2	0	0	1	2	1	0	0
41	5	3	0	0	1	2	1	0	0
41	6	0	0	0	1	2	1	0	0
41	6	1	0	0	1	2	1	0	0
41	6	2	0	0	1	2	1	0	0
41	6	2	1	1	1	0	1	0	0
41	6	3	0	0	1	2	1	0	0
41	7	0	0	0	1	2	1	0	0
41	7	1	0	0	1	2	1	0	0
41	7	2	0	0	1	2	1	0	0
41	7	3	0	0	1	2	1	0	0
41	8	0	0	0	1	2	1	0	0
41	8	1	0	0	1	2	1	0	0
41	8	2	0	0	1	2	1	0	0
41	8	3	0	0	1	2	1	0	0
41	9	0	0	0	1	2	1	0	0
41	9	1	0	0	1	2	1	0	0
41	9	2	0	0	1	2	1	0	0
41	9	3	0	0	1	2	1	0	0
42	0	0	0	0	1	2	1	0	0
42	0	1	0	0	1	2	1	0	0
42	0	2	0	0	1	2	1	0	0
42	0	3	0	0	1	2	1	0	0
42	1	0	0	0	1	2	1	0	0
42	1	1	0	0	1	2	1	0	0
42	1	2	0	0	1	2	1	0	0
42	1	3	0	0	1	2	1	0	0
42	2	0	0	0	1	2	1	0	0
42	2	1	0	0	1	2	1	0	0
42	2	2	0	0	1	2	1	0	0
42	2	3	0	0	1	2	1	0	0
42	3	0	0	0	1	2	1	0	0
42	3	1	0	0	1	2	1	0	0
42	3	2	0	0	1	2	1	0	0
42	3	3	0	0	1	2	1	0	0
42	4	0	0	0	1	2	1	0	0
42	4	1	0	0	1	2	1	0	0
42	4	2	0	0	1	2	1	0	0
42	4	3	0	0	1	2	1	0	0
42	5	0	0	0	1	2	1	0	0
42	5	1	0	0	1	2	1	0	0
42	5	2	0	0	1	2	1	0	0
42	5	3	0	0	1	2	1	0	0
42	6	0	0	0	1	2	1	0	0
42	6	1	0	0	1	2	1	0	0
42	6	2	0	0	1	2	1	0	0
42	6	3	0	0	1	2	1	0	0
42	6	3	1	1	1	0	1	0	0
42	7	0	0	0	1	2	1	0	0
42	7	1	0	0	1	2	1	0	0
42	7	2	0	0	1	2	1	0	0
42	7	3	0	0	1	2	1	0	0
42	8	0	0	0	1	2	1	0	0
42	8	1	0	0	1	2	1	0	0
42	8	2	0	0	1	2	1	0	0
42	8	3	0	0	1	2	1	0	0
42	9	0	0	0	1	2	1	0	0
42	9	1	0	0	1	2	1	0	0
42	9	2	0	0	1	2	1	0	0
42	9	3	0	0	1	2	1	0	0
43	0	0	0	0	1	2	1	0	0
43	0	1	0	0	1	2	1	0	0
43	0	2	0	0	1	2	1	0	0
43	0	3	0	0	1	2	1	0	0
43	1	0	0	0	1	2	1	0	0
43	1	1	0	0	1	2	1	0	0
43	1	2	0	0	1	2	1	0	0
43	1	3	0	0	1	2	1	0	0
43	2	0	0	0	1	2	1	0	0
43	2	1	0	0	1	2	1	0	0
43	2	2	0	0	1	2	1	0	0
43	2	3	0	0	1	2	1	0	0
43	3	0	0	0	1	2	1	0	0
43	3	1	0	0	1	2	1	0	0
43	3	2	0	0	1	2	1	0	0
43	3	3	0	0	1	2	1	0	0
43	4	0	0	0	1	2	1	0	0
43	4	1	0	0	1	2	1	0	0
43	4	2	0	0	1	2	1	0	0
43	4	3	0	0	1	2	1	0	0
43	5	0	0	0	1	2	1	0	0
43	5	1	0	0	1	2	1	0	0
43	5	2	0	0	1	2	1	0	0
43	5	3	0	0	1	2	1	0	0
43	6	0	0	0	1	2	1	0	0
43	6	1	0	0	1	2	1	0	0
43	6	2	0	0	1	2	1	0	0
43	6	3	0	0	1	2	1	0	0
43	7	0	0	0	1	2	1	0	0
43	7	0	1	1	1	0	1	0	0
43	7	1	0	0	1	2	1	0	0
43	7	2	0	0	1	2	1	0	0
43	7	3	0	0	1	2	1	0	0
43	8	0	0	0	1	2	1	0	0
43	8	1	0	0	1	2	1	0	0
43	8	2	0	0	1	2	1	0	0
43	8	3	0	0	1	2	1	0	0
43	9	0	0	0	1	2	1	0	0
43	9	1	0	0	1	2	1	0	0
43	9	2	0	0	1	2	1	0	0
43	9	3	0	0	1	2	1	0	0
44	0	0	0	0	1	2	1	0	0
44	0	1	0	0	1	2	1	0	0
44	0	2	0	0	1	2	1	0	0
44	0	3	0	0	1	2	1	0	0
44	1	0	0	0	1	2	1	0	0
44	1	1	0	0	1	2	1	0	0
44	1	2	0	0	1	2	1	0	0
44	1	3	0	0	1	2	1	0	0
44	2	0	0	0	1	2	1	0	0
44	2	1	0	0	1	2	1	0	0
44	2	2	0	0	1	2	1	0	0
44	2	3	0	0	1	2	1	0	0
44	3	0	0	0	1	2	1	0	0
44	3	1	0	0	1	2	1	0	0
44	3	2	0	0	1	2	1	0	0
44	3	3	0	0	1	2	1	0	0
44	4	0	0	0	1	2	1	0	0
44	4	1	0	0	1	2	1	0	0
44	4	2	0	0	1	2	1	0	0
44	4	3	0	0	1	2	1	0	0
