0.2044 3 2 2 6
0.2366 3 7 6 3
0.2462 15 2 6 5
0.2602 9 1 5 4
0.3294 3 5 3 2
0.0.5012 11 7 2 0.565 15 5 2 6
0.6918 15 8 6 5
0.7724 15 6 5 6
0.9372 15 9 6 5
1.106 15 7 5 6
1.131 14 3 5 2
1.1552 12 3 4 5
1.217 9 4 4 2
1.2418 14 6 2 5
1.352 12 8 5 4
1.363 9 7 2 4
1.381 15 10 6 5
1.4988 15 10 5 2
1.5032 4 3 2 3
1.531 15 8 2 6
111.5432 14 9 5 111.596 11 6 41.1.6548 14 11 6 1.1.704 2 11 2 3
1.856 15 12 5 6
2.0318 15 13 6 5
2.131 9 6 4 2
2.193 4 9 2 3
2.2318 4 7 3 2
2.3472 9 10 2 4
2.398 15 13 5 6
2.4798 19 5 6 2
2.4984 14 9 5 2
2.5326 14 13 2 5
2.5424 4 11 2 3
22.6046 11 14 2 422.7494 11 9 4 2
3.1666 2 16 2 5
3.295 2 13 5 2
3.5534 14 11 5 6
3.6082 2 18 2 3
3.6334 14 14 6 5
3.8016 2 8 3 2
3.9494 14 14 5 6
4.098 2 19 2 5
4.1462 14 15 6 5
4.2066 2 15 5 2
4.2462 5 4 3 2
4.2814 11 17 2 4
4.3762 5 21 2 3
4.4362 14 16 5 6
4.4368 11 10 4 2
4 2 1 6 2
3.6334 14 16 5 2
3.682 4 19 2 4
3.7342 14 22 2 5
3.7522 4 11 4 2
3.8082 15 20 2 5
3.8522 9 10 4 2
3.8694 2 21 2 6
3.9092 15 19 5 6
3.9326 14 18 5 2
3.9342 19 15 6 2
3.9696 9 24 2 4
4.035 14 25 2 5
4.089 20 6 6 2
4.1342 15 18 6 2
4.1342 20 27 2 6
4.3064 15 28 2 5
4 18 6 54.2462 9 12 4 2
44.3962 2 24 2 3
4.4322 14 21 5 6
4.4334 2 9 3 24.4568 14 13 5 6
