0.264768 2 4 2
00.390768 16 7 6
0.488768 16 5 5
0.635018 16 5 4
0.718768 6 4 3
0.731018 1 6 4
0.731018 16 6 5
0.782768 4 7 4
0.831768 6 8 6
0.938768 15 7 5
1.11877 15 10 1.34577 16 8 4
1.43177 16 7 5
1.43877 6 5 3
1.45777 1 9 4
1.53277 6 9 6
1.55077 1 7 2
1.70552 16 10 4
1.75127 16 10 6
1.77177 18 6 3
1.81477 19 8 2
1.83352 18 9 2
1.91802 6 7 3
1.94277 19 11 6
1.98277 16 8 5
2.00977 18 12 6
2.12452 16 11 4
2.13277 1 12 4
2.20777 18 8 3
2.232.33427 9 7 4
2.39877 15 13 2
2.50452 4 7 3
2.53352 9 14 2
2.56227 4 15 2
2.73427 9 8 4
2.73577 15 13 5
2.93952 15 14 6
3.23902 15 14 5
3.31102 2 16 2
3.33427 19 17 2
3.40927 4 8 3
3.50802 19 15 6
3.53427 4 18 2
3.56002 2 16 6
3.68602 15 19 2
3.75827 4 9 3
3.83502 15 15 5
3.94302 20 20 2
4.06502 4 21 2
4.14202 9 22 2
4.18702 15 23 2
4.19527 4 10 3
4.20377 12 16 5
4.23502 9 9 4
4.23502 15 17 5
4.25902 12 10 4
4.29202 19 24 2
4.33677 4 25 2
4.39977 19 17 6
4.40577 15 26 2
4.44552 15 18 5
9 26 2
3.66602 5 9 3
3.80177 5 18 6
3.83502 9 14 4
3.83502 5 10 3.3.91902 11 153.94.00327 2 19 6
4.10002 2 27 2
4.16002 9 28 2
4.20727 14 20 6
4.23502 9 16 4
4.23577 11 29 2
4.37127 14 18 5
4.43502 2 11 3
20177 18 23 2
4.23502 6 21 6
4.25677 11 25 4
4.31002 18 22 6
4.33577 11 24 2
4.44102 19 25 2
4.48377 6 26 4
4.49902 16 23 6
3 14 5
3.98727 9 38 2
4.03327 11 27 4
4.09202 2 28 4
4.16227 6 39 2
4.25377 13 40 2
4.28002 6 18 3
4.29302 20 41 2
4.33877 13 15 5
4.35902 9 29 4
4.43477 20 10 6
4.45302 1 42 2
 23 6
4.17177 6 15 3
4.18377 9 16 4
4.26077 2 24 6
4.30402 20 37 2
4.35677 2 38 2
4.38577 20 25 6
