0.000500001 1 2 69.192
0.000500001 2 2 56.9718
0.000500001 1 3 45.9333
0.000500001 2 3 69.6925
0.0021 1 2 68.955
0.0021 2 2 66.86
0.0021 1 3 49.7551
0.0021 2 3 67.5037
0.0037 1 2 68.9367
0.0037 2 2 66.866
0.0037 1 3 49.8329
0.0037 2 3 67.5078
0.0053 1 2 68.9074
0.0053 2 2 66.8751
0.0053 1 3 49.7544
0.0053 2 3 67.5131
0.0069 1 2 68.8939
0.0069 2 2 66.8563
0.0069 1 3 49.8088
0.0069 2 3 67.5056
0.0085 1 2 68.8869
0.0085 2 2 66.8671
0.0085 1 3 49.7636
0.0085 2 3 67.5057
0.0101 1 2 68.8696
0.0101 2 2 66.8762
0.0101 1 3 49.8036
0.0101 2 3 67.5034
0.0117 1 2 68.8826
0.0117 2 2 66.8813
0.0117 1 3 49.7823
0.0117 2 3 67.518
0.0133 1 2 68.8826
0.0133 2 2 66.8823
0.0133 1 3 49.7981
0.0133 2 3 67.5259
0.0149 1 2 68.8831
0.0149 2 2 66.8677
0.0149 1 3 49.7917
0.0149 2 3 67.5347
0.0165 1 2 68.8897
0.0165 2 2 66.868
0.0165 1 3 49.7668
0.0165 2 3 67.5378
0.0181 1 2 68.9062
0.0181 2 2 66.8754
0.0181 1 3 49.8025
0.0181 2 3 67.5235
0.0197 1 2 68.8784
0.0197 2 2 66.8703
0.0197 1 3 49.7534
0.0197 2 3 67.5091
0.0213 1 2 68.8667
0.0213 2 2 66.8603
0.0213 1 3 49.757
0.0213 2 3 67.5284
0.0229 1 2 68.8787
0.0229 2 2 66.8838
0.0229 1 3 49.779
0.0229 2 3 67.5215
0.0245 1 2 68.8877
0.0245 2 2 66.8816
0.0245 1 3 49.7896
0.0245 2 3 67.5169
0.0261 1 2 68.877
0.0261 2 2 66.8656
0.0261 1 3 49.7553
0.0261 2 3 67.5153
0.0277 1 2 68.8688
0.0277 2 2 66.8718
0.0277 1 3 49.7405
0.0277 2 3 67.5121
0.0293 1 2 68.8637
0.0293 2 2 66.8681
0.0293 1 3 49.748
0.0293 2 3 67.5252
0.0309 1 2 68.8674
0.0309 2 2 66.846
0.0309 1 3 49.743
0.0309 2 3 67.4938
0.0325 1 2 68.8646
0.0325 2 2 66.8538
0.0325 1 3 49.7156
0.0325 2 3 67.5096
0.0341 1 2 68.8764
0.0341 2 2 66.8607
0.0341 1 3 49.6859
0.0341 2 3 67.5244
0.0357 1 2 68.8782
0.0357 2 2 66.8728
0.0357 1 3 49.6798
0.0357 2 3 67.5239
0.0373 1 2 68.8637
0.0373 2 2 66.8633
0.0373 1 3 49.7279
0.0373 2 3 67.5249
0.0389 1 2 68.8652
0.0389 2 2 66.8542
0.0389 1 3 49.7014
0.0389 2 3 67.5214
0.0405 1 2 68.8646
0.0405 2 2 66.859
0.0405 1 3 49.7197
0.0405 2 3 67.4989
0.0421 1 2 68.8444
0.0421 2 2 66.8838
0.0421 1 3 49.7614
0.0421 2 3 67.5096
0.0437 1 2 68.8512
0.0437 2 2 66.8724
0.0437 1 3 49.7742
0.0437 2 3 67.5123
0.0453 1 2 68.8666
0.0453 2 2 66.8657
0.0453 1 3 49.7578
0.0453 2 3 67.5149
0.0469 1 2 68.8542
0.0469 2 2 66.869
0.0469 1 3 49.7751
0.0469 2 3 67.5205
0.0485 1 2 68.8514
0.0485 2 2 66.8665
0.0485 1 3 49.7563
0.0485 2 3 67.5173
0.0501 1 2 68.8466
0.0501 2 2 66.8605
0.0501 1 3 49.7145
0.0501 2 3 67.5176
0.0517 1 2 68.8514
0.0517 2 2 66.8491
0.0517 1 3 49.7387
0.0517 2 3 67.4997
0.0533 1 2 68.8212
0.0533 2 2 66.8594
0.0533 1 3 49.7355
0.0533 2 3 67.512
0.0549 1 2 68.8001
0.0549 2 2 66.8483
0.0549 1 3 49.7519
0.0549 2 3 67.5211
0.0565 1 2 68.792
0.0565 2 2 66.8404
0.0565 1 3 49.8049
0.0565 2 3 67.5197
0.0581 1 2 68.7943
0.0581 2 2 66.8441
0.0581 1 3 49.7496
0.0581 2 3 67.5316
0.0597 1 2 68.7914
0.0597 2 2 66.846
0.0597 1 3 49.8104
0.0597 2 3 67.5417
0.0613 1 2 68.7817
0.0613 2 2 66.8587
0.0613 1 3 49.7812
0.0613 2 3 67.5485
0.0629 1 2 68.7779
0.0629 2 2 66.8605
0.0629 1 3 49.7425
0.0629 2 3 67.5521
0.0645 1 2 68.7795
0.0645 2 2 66.8612
0.0645 1 3 49.7754
0.0645 2 3 67.557
0.0661 1 2 68.7815
0.0661 2 2 66.8565
0.0661 1 3 49.7586
0.0661 2 3 67.5553
0.0677 1 2 68.7565
0.0677 2 2 66.8638
0.0677 1 3 49.7896
0.0677 2 3 67.5553
0.0693 1 2 68.7579
0.0693 2 2 66.8512
0.0693 1 3 49.7417
0.0693 2 3 67.5558
0.0709 1 2 68.7555
0.0709 2 2 66.858
0.0709 1 3 49.756
0.0709 2 3 67.5429
0.0725 1 2 68.7712
0.0725 2 2 66.8611
0.0725 1 3 49.7115
0.0725 2 3 67.5389
0.0741 1 2 68.7702
0.0741 2 2 66.8555
0.0741 1 3 49.6791
0.0741 2 3 67.5463
0.0757 1 2 68.7761
0.0757 2 2 66.8538
0.0757 1 3 49.7378
0.0757 2 3 67.5409
0.0773 1 2 68.7486
0.0773 2 2 66.867
0.0773 1 3 49.7056
0.0773 2 3 67.5403
0.0789 1 2 68.7444
0.0789 2 2 66.8653
0.0789 1 3 49.7145
0.0789 2 3 67.5517
0.0805 1 2 68.7528
0.0805 2 2 66.8625
0.0805 1 3 49.6819
0.0805 2 3 67.5513
0.0821 1 2 68.7782
0.0821 2 2 66.8638
0.0821 1 3 49.7136
0.0821 2 3 67.5613
0.0837 1 2 68.7795
0.0837 2 2 66.8625
0.0837 1 3 49.7301
0.0837 2 3 67.5644
0.0853 1 2 68.7611
0.0853 2 2 66.8494
0.0853 1 3 49.7608
0.0853 2 3 67.5418
0.0869 1 2 68.771
0.0869 2 2 66.8741
0.0869 1 3 49.7106
0.0869 2 3 67.5345
0.0885 1 2 68.7672
0.0885 2 2 66.8936
0.0885 1 3 49.7251
0.0885 2 3 67.5197
0.0901 1 2 68.7545
0.0901 2 2 66.8898
0.0901 1 3 49.7342
0.0901 2 3 67.507
0.0917 1 2 68.7567
0.0917 2 2 66.8818
0.0917 1 3 49.7708
0.0917 2 3 67.5015
0.0933 1 2 68.7452
0.0933 2 2 66.8772
0.0933 1 3 49.7538
0.0933 2 3 67.4959
0.0949 1 2 68.7529
0.0949 2 2 66.8902
0.0949 1 3 49.7656
0.0949 2 3 67.4866
0.0965 1 2 68.7445
0.0965 2 2 66.8783
0.0965 1 3 49.7659
0.0965 2 3 67.5024
0.0981 1 2 68.7539
0.0981 2 2 66.8606
0.0981 1 3 49.7027
0.0981 2 3 67.4778
0.0997 1 2 68.7501
0.0997 2 2 66.8622
0.0997 1 3 49.7176
0.0997 2 3 67.4771
0.1013 1 2 67.3053
0.1013 2 2 66.4779
0.1013 1 3 61.9497
0.1013 2 3 69.9097
0.1029 1 2 67.3109
0.1029 2 2 66.4948
0.1029 1 3 61.9411
0.1029 2 3 69.8952
0.1045 1 2 67.3079
0.1045 2 2 66.4888
0.1045 1 3 61.9414
0.1045 2 3 69.8982
0.1061 1 2 67.3089
0.1061 2 2 66.4856
0.1061 1 3 61.9412
0.1061 2 3 69.8901
0.1077 1 2 67.3085
0.1077 2 2 66.4879
0.1077 1 3 61.9297
0.1077 2 3 69.9079
0.1093 1 2 67.3101
0.1093 2 2 66.4972
0.1093 1 3 61.9195
0.1093 2 3 69.9223
0.1109 1 2 67.3263
0.1109 2 2 66.4947
0.1109 1 3 61.9306
0.1109 2 3 69.9202
0.1125 1 2 67.3244
0.1125 2 2 66.4833
0.1125 1 3 61.9262
0.1125 2 3 69.9232
0.1141 1 2 67.3132
0.1141 2 2 66.4649
0.1141 1 3 61.9622
0.1141 2 3 69.9168
0.1157 1 2 67.3403
0.1157 2 2 66.471
0.1157 1 3 61.9595
0.1157 2 3 69.9072
0.1173 1 2 67.3294
0.1173 2 2 66.46
0.1173 1 3 61.9376
0.1173 2 3 69.907
0.1189 1 2 67.3388
0.1189 2 2 66.4881
0.1189 1 3 61.9303
0.1189 2 3 69.9136
0.1205 1 2 67.3354
0.1205 2 2 66.4733
0.1205 1 3 61.9261
0.1205 2 3 69.8957
0.1221 1 2 67.3596
0.1221 2 2 66.4675
0.1221 1 3 61.9414
0.1221 2 3 69.8801
0.1237 1 2 67.3363
0.1237 2 2 66.4671
0.1237 1 3 61.9422
0.1237 2 3 69.879
0.1253 1 2 67.3525
0.1253 2 2 66.4728
0.1253 1 3 61.9523
0.1253 2 3 69.8734
0.1269 1 2 67.3525
0.1269 2 2 66.4705
0.1269 1 3 61.9546
0.1269 2 3 69.8765
0.1285 1 2 67.3451
0.1285 2 2 66.4995
0.1285 1 3 61.943
0.1285 2 3 69.8515
0.1301 1 2 67.3474
0.1301 2 2 66.5094
0.1301 1 3 61.9437
0.1301 2 3 69.8491
0.1317 1 2 67.3612
0.1317 2 2 66.5024
0.1317 1 3 61.9482
0.1317 2 3 69.8643
0.1333 1 2 67.3507
0.1333 2 2 66.4978
0.1333 1 3 61.9363
0.1333 2 3 69.8555
0.1349 1 2 67.3332
0.1349 2 2 66.4915
0.1349 1 3 61.9463
0.1349 2 3 69.8569
0.1365 1 2 67.3417
0.1365 2 2 66.4908
0.1365 1 3 61.9743
0.1365 2 3 69.8463
0.1381 1 2 67.3206
0.1381 2 2 66.4925
0.1381 1 3 61.9819
0.1381 2 3 69.8398
0.1397 1 2 67.3357
0.1397 2 2 66.5072
0.1397 1 3 61.9828
0.1397 2 3 69.8538
0.1413 1 2 67.3446
0.1413 2 2 66.5028
0.1413 1 3 61.9931
0.1413 2 3 69.8675
0.1429 1 2 67.3387
0.1429 2 2 66.5184
0.1429 1 3 62.0118
0.1429 2 3 69.8909
0.1445 1 2 67.3222
0.1445 2 2 66.5194
0.1445 1 3 62.0338
0.1445 2 3 69.8913
0.1461 1 2 67.3116
0.1461 2 2 66.5211
0.1461 1 3 62.0302
0.1461 2 3 69.8886
0.1477 1 2 67.3278
0.1477 2 2 66.5105
0.1477 1 3 62.0201
0.1477 2 3 69.8737
0.1493 1 2 67.3276
0.1493 2 2 66.5245
0.1493 1 3 62.0376
0.1493 2 3 69.8834
0.1509 1 2 67.3176
0.1509 2 2 66.5256
0.1509 1 3 62.0243
0.1509 2 3 69.9072
0.1525 1 2 67.3053
0.1525 2 2 66.513
0.1525 1 3 62.0196
0.1525 2 3 69.9091
0.1541 1 2 67.3369
0.1541 2 2 66.5093
0.1541 1 3 62.0151
0.1541 2 3 69.8923
0.1557 1 2 67.3507
0.1557 2 2 66.5104
0.1557 1 3 61.9803
0.1557 2 3 69.8887
0.1573 1 2 67.3292
0.1573 2 2 66.5179
0.1573 1 3 61.9871
0.1573 2 3 69.8911
0.1589 1 2 67.3483
0.1589 2 2 66.5468
0.1589 1 3 61.9831
0.1589 2 3 69.8841
0.1605 1 2 67.3307
0.1605 2 2 66.5431
0.1605 1 3 61.9674
0.1605 2 3 69.8953
0.1621 1 2 67.3391
0.1621 2 2 66.5312
0.1621 1 3 61.9517
0.1621 2 3 69.9076
0.1637 1 2 67.3299
0.1637 2 2 66.5316
0.1637 1 3 61.963
0.1637 2 3 69.9153
0.1653 1 2 67.3454
0.1653 2 2 66.5287
0.1653 1 3 61.9521
0.1653 2 3 69.9079
0.1669 1 2 67.3425
0.1669 2 2 66.5259
0.1669 1 3 61.9475
0.1669 2 3 69.9009
0.1685 1 2 67.3411
0.1685 2 2 66.5311
0.1685 1 3 61.9452
0.1685 2 3 69.9002
0.1701 1 2 67.3188
0.1701 2 2 66.5595
0.1701 1 3 61.9499
0.1701 2 3 69.8986
0.1717 1 2 67.3051
0.1717 2 2 66.5813
0.1717 1 3 61.9486
0.1717 2 3 69.8987
0.1733 1 2 67.3138
0.1733 2 2 66.5778
0.1733 1 3 61.9669
0.1733 2 3 69.9101
0.1749 1 2 67.3238
0.1749 2 2 66.5923
0.1749 1 3 61.9499
0.1749 2 3 69.8894
0.1765 1 2 67.3311
0.1765 2 2 66.6106
0.1765 1 3 61.9535
0.1765 2 3 69.8971
0.1781 1 2 67.3469
0.1781 2 2 66.6131
0.1781 1 3 61.9675
0.1781 2 3 69.8784
0.1797 1 2 67.3657
0.1797 2 2 66.6041
0.1797 1 3 61.9469
0.1797 2 3 69.8758
0.1813 1 2 67.3684
0.1813 2 2 66.5983
0.1813 1 3 61.932
0.1813 2 3 69.8606
0.1829 1 2 67.3641
0.1829 2 2 66.6063
0.1829 1 3 61.9469
0.1829 2 3 69.8604
0.1845 1 2 67.3582
0.1845 2 2 66.5989
0.1845 1 3 61.9657
0.1845 2 3 69.8528
0.1861 1 2 67.3541
0.1861 2 2 66.5951
0.1861 1 3 61.9647
0.1861 2 3 69.8402
0.1877 1 2 67.3574
0.1877 2 2 66.5747
0.1877 1 3 61.9707
0.1877 2 3 69.8617
0.1893 1 2 67.3612
0.1893 2 2 66.5831
0.1893 1 3 61.9653
0.1893 2 3 69.8631
0.1909 1 2 67.3613
0.1909 2 2 66.6011
0.1909 1 3 61.9365
0.1909 2 3 69.8636
0.1925 1 2 67.3557
0.1925 2 2 66.5975
0.1925 1 3 61.95
0.1925 2 3 69.8579
0.1941 1 2 67.3532
0.1941 2 2 66.6036
0.1941 1 3 61.9538
0.1941 2 3 69.8757
0.1957 1 2 67.3746
0.1957 2 2 66.588
0.1957 1 3 61.9531
0.1957 2 3 69.8709
0.1973 1 2 67.3705
0.1973 2 2 66.6204
0.1973 1 3 61.9354
0.1973 2 3 69.8657
0.1989 1 2 67.3566
0.1989 2 2 66.6421
0.1989 1 3 61.9237
0.1989 2 3 69.8718
0.2005 1 2 67.3627
0.2005 2 2 66.6428
0.2005 1 3 61.9384
0.2005 2 3 69.8722
0.2021 1 2 68.6748
0.2021 2 2 44.655
0.2021 1 3 61.7233
0.2021 2 3 69.6766
0.2037 1 2 68.6674
0.2037 2 2 44.7404
0.2037 1 3 61.7206
0.2037 2 3 69.6712
0.2053 1 2 68.6647
0.2053 2 2 44.6418
0.2053 1 3 61.704
0.2053 2 3 69.6671
0.2069 1 2 68.6696
0.2069 2 2 44.7345
0.2069 1 3 61.7265
0.2069 2 3 69.6701
0.2085 1 2 68.6707
0.2085 2 2 44.6817
0.2085 1 3 61.7314
0.2085 2 3 69.6603
0.2101 1 2 68.6525
0.2101 2 2 44.7125
0.2101 1 3 61.7166
0.2101 2 3 69.6587
0.2117 1 2 68.6674
0.2117 2 2 44.6945
0.2117 1 3 61.7107
0.2117 2 3 69.6586
0.2133 1 2 68.686
0.2133 2 2 44.7171
0.2133 1 3 61.7277
0.2133 2 3 69.6476
0.2149 1 2 68.6903
0.2149 2 2 44.6448
0.2149 1 3 61.7542
0.2149 2 3 69.6598
0.2165 1 2 68.6851
0.2165 2 2 44.7167
0.2165 1 3 61.7435
0.2165 2 3 69.6627
0.2181 1 2 68.691
0.2181 2 2 44.717
0.2181 1 3 61.7402
0.2181 2 3 69.6387
0.2197 1 2 68.7027
0.2197 2 2 44.6858
0.2197 1 3 61.7179
0.2197 2 3 69.6463
0.2213 1 2 68.7249
0.2213 2 2 44.7976
0.2213 1 3 61.7436
0.2213 2 3 69.6566
0.2229 1 2 68.7314
0.2229 2 2 44.7323
0.2229 1 3 61.7343
0.2229 2 3 69.6612
0.2245 1 2 68.769
0.2245 2 2 44.7634
0.2245 1 3 61.7422
0.2245 2 3 69.6739
0.2261 1 2 68.7908
0.2261 2 2 44.6825
0.2261 1 3 61.7404
0.2261 2 3 69.6773
0.2277 1 2 68.7912
0.2277 2 2 44.6736
0.2277 1 3 61.7488
0.2277 2 3 69.6665
0.2293 1 2 68.8032
0.2293 2 2 44.7615
0.2293 1 3 61.7669
0.2293 2 3 69.6553
0.2309 1 2 68.8185
0.2309 2 2 44.7423
0.2309 1 3 61.7589
0.2309 2 3 69.6429
0.2325 1 2 68.8005
0.2325 2 2 44.7315
0.2325 1 3 61.7594
0.2325 2 3 69.6455
0.2341 1 2 68.7963
0.2341 2 2 44.7353
0.2341 1 3 61.777
0.2341 2 3 69.6585
0.2357 1 2 68.8202
0.2357 2 2 44.6599
0.2357 1 3 61.7788
0.2357 2 3 69.6673
0.2373 1 2 68.8045
0.2373 2 2 44.6922
0.2373 1 3 61.7923
0.2373 2 3 69.6598
0.2389 1 2 68.82
0.2389 2 2 44.7297
0.2389 1 3 61.8337
0.2389 2 3 69.644
0.2405 1 2 68.831
0.2405 2 2 44.6991
0.2405 1 3 61.8521
0.2405 2 3 69.642
0.2421 1 2 68.8122
0.2421 2 2 44.7607
0.2421 1 3 61.8595
0.2421 2 3 69.6309
0.2437 1 2 68.8089
0.2437 2 2 44.6789
0.2437 1 3 61.8561
0.2437 2 3 69.6045
0.2453 1 2 68.824
0.2453 2 2 44.7548
0.2453 1 3 61.8733
0.2453 2 3 69.5893
0.2469 1 2 68.8159
0.2469 2 2 44.6791
0.2469 1 3 61.8557
0.2469 2 3 69.5794
0.2485 1 2 68.819
0.2485 2 2 44.7433
0.2485 1 3 61.8377
0.2485 2 3 69.574
0.2501 1 2 68.8215
0.2501 2 2 44.7231
0.2501 1 3 61.8448
0.2501 2 3 69.5672
0.2517 1 2 68.8232
0.2517 2 2 44.6565
0.2517 1 3 61.8278
0.2517 2 3 69.5791
0.2533 1 2 68.8117
0.2533 2 2 44.6926
0.2533 1 3 61.832
0.2533 2 3 69.5741
0.2549 1 2 68.8166
0.2549 2 2 44.6633
0.2549 1 3 61.8317
0.2549 2 3 69.5985
0.2565 1 2 68.8031
0.2565 2 2 44.6504
0.2565 1 3 61.8443
0.2565 2 3 69.5944
0.2581 1 2 68.7917
0.2581 2 2 44.7008
0.2581 1 3 61.8318
0.2581 2 3 69.5849
0.2597 1 2 68.8088
0.2597 2 2 44.7485
0.2597 1 3 61.8177
0.2597 2 3 69.5988
0.2613 1 2 68.8017
0.2613 2 2 44.7501
0.2613 1 3 61.8354
0.2613 2 3 69.5933
0.2629 1 2 68.7807
0.2629 2 2 44.6972
0.2629 1 3 61.8178
0.2629 2 3 69.5812
0.2645 1 2 68.7669
0.2645 2 2 44.6777
0.2645 1 3 61.8206
0.2645 2 3 69.5704
0.2661 1 2 68.7597
0.2661 2 2 44.6706
0.2661 1 3 61.7953
0.2661 2 3 69.572
0.2677 1 2 68.7655
0.2677 2 2 44.6898
0.2677 1 3 61.8039
0.2677 2 3 69.5726
0.2693 1 2 68.7777
0.2693 2 2 44.7096
0.2693 1 3 61.8181
0.2693 2 3 69.5727
0.2709 1 2 68.768
0.2709 2 2 44.7941
0.2709 1 3 61.8004
0.2709 2 3 69.5646
0.2725 1 2 68.7794
0.2725 2 2 44.7256
0.2725 1 3 61.8264
0.2725 2 3 69.5871
0.2741 1 2 68.78
0.2741 2 2 44.7117
0.2741 1 3 61.8318
0.2741 2 3 69.5766
0.2757 1 2 68.7716
0.2757 2 2 44.8008
0.2757 1 3 61.8246
0.2757 2 3 69.5767
0.2773 1 2 68.7542
0.2773 2 2 44.7306
0.2773 1 3 61.8175
0.2773 2 3 69.5728
0.2789 1 2 68.7623
0.2789 2 2 44.7449
0.2789 1 3 61.7995
0.2789 2 3 69.5577
0.2805 1 2 68.7553
0.2805 2 2 44.7532
0.2805 1 3 61.8103
0.2805 2 3 69.5551
0.2821 1 2 68.7514
0.2821 2 2 44.7593
0.2821 1 3 61.8098
0.2821 2 3 69.5574
0.2837 1 2 68.752
0.2837 2 2 44.8147
0.2837 1 3 61.8027
0.2837 2 3 69.5597
0.2853 1 2 68.7485
0.2853 2 2 44.6893
0.2853 1 3 61.7996
0.2853 2 3 69.5548
0.2869 1 2 68.7649
0.2869 2 2 44.7407
0.2869 1 3 61.8032
0.2869 2 3 69.5555
0.2885 1 2 68.7508
0.2885 2 2 44.7609
0.2885 1 3 61.7859
0.2885 2 3 69.5663
0.2901 1 2 68.7488
0.2901 2 2 44.7273
0.2901 1 3 61.7781
0.2901 2 3 69.5679
0.2917 1 2 68.7631
0.2917 2 2 44.6855
0.2917 1 3 61.7607
0.2917 2 3 69.5875
0.2933 1 2 68.7614
0.2933 2 2 44.6915
0.2933 1 3 61.7411
0.2933 2 3 69.5835
0.2949 1 2 68.7629
0.2949 2 2 44.7496
0.2949 1 3 61.7616
0.2949 2 3 69.5859
0.2965 1 2 68.764
0.2965 2 2 44.706
0.2965 1 3 61.7404
0.2965 2 3 69.5871
0.2981 1 2 68.7519
0.2981 2 2 44.7258
0.2981 1 3 61.7613
0.2981 2 3 69.6044
0.2997 1 2 68.7447
0.2997 2 2 44.723
0.2997 1 3 61.7564
0.2997 2 3 69.6097
0.3013 1 2 68.9296
0.3013 2 2 67.0983
0.3013 1 3 61.6628
0.3013 2 3 66.6948
0.3029 1 2 68.9349
0.3029 2 2 67.1022
0.3029 1 3 61.6503
0.3029 2 3 66.6898
0.3045 1 2 68.91
0.3045 2 2 67.1087
0.3045 1 3 61.6427
0.3045 2 3 66.6918
0.3061 1 2 68.9046
0.3061 2 2 67.1178
0.3061 1 3 61.6549
0.3061 2 3 66.6932
0.3077 1 2 68.8913
0.3077 2 2 67.1101
0.3077 1 3 61.6685
0.3077 2 3 66.7045
0.3093 1 2 68.8846
0.3093 2 2 67.1162
0.3093 1 3 61.6503
0.3093 2 3 66.7021
0.3109 1 2 68.8924
0.3109 2 2 67.1239
0.3109 1 3 61.6582
0.3109 2 3 66.6991
0.3125 1 2 68.9064
0.3125 2 2 67.0993
0.3125 1 3 61.662
0.3125 2 3 66.7015
0.3141 1 2 68.8945
0.3141 2 2 67.0813
0.3141 1 3 61.6716
0.3141 2 3 66.6939
0.3157 1 2 68.8907
0.3157 2 2 67.0918
0.3157 1 3 61.6841
0.3157 2 3 66.6834
0.3173 1 2 68.9044
0.3173 2 2 67.1069
0.3173 1 3 61.6704
0.3173 2 3 66.7052
0.3189 1 2 68.8854
0.3189 2 2 67.081
0.3189 1 3 61.689
0.3189 2 3 66.6949
0.3205 1 2 68.8995
0.3205 2 2 67.0719
0.3205 1 3 61.6975
0.3205 2 3 66.6914
0.3221 1 2 68.9026
0.3221 2 2 67.0681
0.3221 1 3 61.7102
0.3221 2 3 66.7024
0.3237 1 2 68.9304
0.3237 2 2 67.0555
0.3237 1 3 61.7097
0.3237 2 3 66.6979
0.3253 1 2 68.9256
0.3253 2 2 67.07
0.3253 1 3 61.6961
0.3253 2 3 66.6892
0.3269 1 2 68.9563
0.3269 2 2 67.0708
0.3269 1 3 61.7203
0.3269 2 3 66.6819
0.3285 1 2 68.9593
0.3285 2 2 67.0666
0.3285 1 3 61.6903
0.3285 2 3 66.6787
0.3301 1 2 68.9627
0.3301 2 2 67.076
0.3301 1 3 61.7183
0.3301 2 3 66.6947
0.3317 1 2 68.9699
0.3317 2 2 67.0945
0.3317 1 3 61.7201
0.3317 2 3 66.6919
0.3333 1 2 68.9799
0.3333 2 2 67.0921
0.3333 1 3 61.7195
0.3333 2 3 66.6743
0.3349 1 2 68.978
0.3349 2 2 67.0798
0.3349 1 3 61.7072
0.3349 2 3 66.6809
0.3365 1 2 68.9863
0.3365 2 2 67.0817
0.3365 1 3 61.7029
0.3365 2 3 66.6682
0.3381 1 2 69.006
0.3381 2 2 67.0769
0.3381 1 3 61.7074
0.3381 2 3 66.6619
0.3397 1 2 68.9999
0.3397 2 2 67.0899
0.3397 1 3 61.7005
0.3397 2 3 66.654
0.3413 1 2 68.9918
0.3413 2 2 67.0899
0.3413 1 3 61.7052
0.3413 2 3 66.6668
0.3429 1 2 69.0097
0.3429 2 2 67.0681
0.3429 1 3 61.7107
0.3429 2 3 66.6643
0.3445 1 2 69.0084
0.3445 2 2 67.0556
0.3445 1 3 61.7195
0.3445 2 3 66.657
0.3461 1 2 69.0112
0.3461 2 2 67.0555
0.3461 1 3 61.7292
0.3461 2 3 66.6671
0.3477 1 2 69.017
0.3477 2 2 67.0589
0.3477 1 3 61.7158
0.3477 2 3 66.6699
0.3493 1 2 69.0025
0.3493 2 2 67.0611
0.3493 1 3 61.7151
0.3493 2 3 66.665
0.3509 1 2 68.9996
0.3509 2 2 67.0638
0.3509 1 3 61.7464
0.3509 2 3 66.6688
0.3525 1 2 68.9993
0.3525 2 2 67.0767
0.3525 1 3 61.7247
0.3525 2 3 66.6687
0.3541 1 2 68.9929
0.3541 2 2 67.0502
0.3541 1 3 61.7229
0.3541 2 3 66.6678
0.3557 1 2 68.9791
0.3557 2 2 67.0698
0.3557 1 3 61.7355
0.3557 2 3 66.6631
0.3573 1 2 68.9918
0.3573 2 2 67.0626
0.3573 1 3 61.7014
0.3573 2 3 66.6821
0.3589 1 2 69.0072
0.3589 2 2 67.0668
0.3589 1 3 61.7118
0.3589 2 3 66.6898
0.3605 1 2 69.0099
0.3605 2 2 67.0538
0.3605 1 3 61.6964
0.3605 2 3 66.7069
0.3621 1 2 69.0219
0.3621 2 2 67.0735
0.3621 1 3 61.698
0.3621 2 3 66.7116
0.3637 1 2 69.0055
0.3637 2 2 67.0539
0.3637 1 3 61.6702
0.3637 2 3 66.7228
0.3653 1 2 69.0339
0.3653 2 2 67.0555
0.3653 1 3 61.6496
0.3653 2 3 66.7252
0.3669 1 2 69.0307
0.3669 2 2 67.0512
0.3669 1 3 61.6398
0.3669 2 3 66.7275
0.3685 1 2 69.0136
0.3685 2 2 67.0512
0.3685 1 3 61.6166
0.3685 2 3 66.7398
0.3701 1 2 69.0435
0.3701 2 2 67.0577
0.3701 1 3 61.6384
0.3701 2 3 66.7514
0.3717 1 2 69.047
0.3717 2 2 67.0663
0.3717 1 3 61.6223
0.3717 2 3 66.7511
0.3733 1 2 69.0325
0.3733 2 2 67.0514
0.3733 1 3 61.6446
0.3733 2 3 66.7603
0.3749 1 2 69.0096
0.3749 2 2 67.0567
0.3749 1 3 61.643
0.3749 2 3 66.7799
0.3765 1 2 69.0247
0.3765 2 2 67.058
0.3765 1 3 61.6411
0.3765 2 3 66.7661
0.3781 1 2 69.0085
0.3781 2 2 67.0482
0.3781 1 3 61.6546
0.3781 2 3 66.7643
0.3797 1 2 69.0003
0.3797 2 2 67.029
0.3797 1 3 61.6574
0.3797 2 3 66.7839
0.3813 1 2 68.9844
0.3813 2 2 67.0228
0.3813 1 3 61.6934
0.3813 2 3 66.7642
0.3829 1 2 68.9885
0.3829 2 2 67.0289
0.3829 1 3 61.6723
0.3829 2 3 66.7548
0.3845 1 2 68.9834
0.3845 2 2 67.0228
0.3845 1 3 61.6744
0.3845 2 3 66.7685
0.3861 1 2 68.9958
0.3861 2 2 67.0331
0.3861 1 3 61.6752
0.3861 2 3 66.7529
0.3877 1 2 68.9877
0.3877 2 2 67.0226
0.3877 1 3 61.6792
0.3877 2 3 66.7363
0.3893 1 2 68.9941
0.3893 2 2 67.0292
0.3893 1 3 61.7022
0.3893 2 3 66.7485
0.3909 1 2 68.9881
0.3909 2 2 67.0242
0.3909 1 3 61.7202
0.3909 2 3 66.7595
0.3925 1 2 68.9778
0.3925 2 2 67.0328
0.3925 1 3 61.7266
0.3925 2 3 66.7523
0.3941 1 2 68.971
0.3941 2 2 67.0339
0.3941 1 3 61.7389
0.3941 2 3 66.761
0.3957 1 2 68.9761
0.3957 2 2 67.0252
0.3957 1 3 61.7416
0.3957 2 3 66.7642
0.3973 1 2 69.0141
0.3973 2 2 67.0318
0.3973 1 3 61.7593
0.3973 2 3 66.7606
0.3989 1 2 69.0271
0.3989 2 2 67.0261
0.3989 1 3 61.7435
0.3989 2 3 66.7613
0.4005 1 2 69.0227
0.4005 2 2 67.0103
0.4005 1 3 61.7361
0.4005 2 3 66.7901
0.4021 1 2 68.3537
0.4021 2 2 48.1237
0.4021 1 3 59.5732
0.4021 2 3 69.2522
0.4037 1 2 68.353
0.4037 2 2 48.1301
0.4037 1 3 59.5899
0.4037 2 3 69.2464
0.4053 1 2 68.34
0.4053 2 2 48.1094
0.4053 1 3 59.6017
0.4053 2 3 69.2684
0.4069 1 2 68.342
0.4069 2 2 48.1403
0.4069 1 3 59.5831
0.4069 2 3 69.2477
0.4085 1 2 68.357
0.4085 2 2 48.1357
0.4085 1 3 59.6132
0.4085 2 3 69.2413
0.4101 1 2 68.3431
0.4101 2 2 48.1994
0.4101 1 3 59.5905
0.4101 2 3 69.2243
0.4117 1 2 68.3416
0.4117 2 2 48.1871
0.4117 1 3 59.5953
0.4117 2 3 69.2246
0.4133 1 2 68.3729
0.4133 2 2 48.1211
0.4133 1 3 59.5641
0.4133 2 3 69.2242
0.4149 1 2 68.3796
0.4149 2 2 48.1237
0.4149 1 3 59.5842
0.4149 2 3 69.2303
0.4165 1 2 68.3822
0.4165 2 2 48.1856
0.4165 1 3 59.6033
0.4165 2 3 69.2104
0.4181 1 2 68.3737
0.4181 2 2 48.1717
0.4181 1 3 59.5972
0.4181 2 3 69.186
0.4197 1 2 68.3693
0.4197 2 2 48.1462
0.4197 1 3 59.6105
0.4197 2 3 69.1877
0.4213 1 2 68.3709
0.4213 2 2 48.1586
0.4213 1 3 59.5955
0.4213 2 3 69.2043
0.4229 1 2 68.3645
0.4229 2 2 48.1369
0.4229 1 3 59.6146
0.4229 2 3 69.1981
0.4245 1 2 68.3706
0.4245 2 2 48.1691
0.4245 1 3 59.5979
0.4245 2 3 69.1952
0.4261 1 2 68.3554
0.4261 2 2 48.1579
0.4261 1 3 59.5661
0.4261 2 3 69.2154
0.4277 1 2 68.3619
0.4277 2 2 48.2116
0.4277 1 3 59.5656
0.4277 2 3 69.2099
0.4293 1 2 68.3669
0.4293 2 2 48.1877
0.4293 1 3 59.5702
0.4293 2 3 69.2082
0.4309 1 2 68.3634
0.4309 2 2 48.2211
0.4309 1 3 59.5621
0.4309 2 3 69.2053
0.4325 1 2 68.3466
0.4325 2 2 48.2014
0.4325 1 3 59.5508
0.4325 2 3 69.2079
0.4341 1 2 68.3392
0.4341 2 2 48.2119
0.4341 1 3 59.5379
0.4341 2 3 69.2282
0.4357 1 2 68.3257
0.4357 2 2 48.2486
0.4357 1 3 59.5468
0.4357 2 3 69.2354
0.4373 1 2 68.3044
0.4373 2 2 48.2626
0.4373 1 3 59.5477
0.4373 2 3 69.2407
0.4389 1 2 68.3262
0.4389 2 2 48.2104
0.4389 1 3 59.5505
0.4389 2 3 69.244
0.4405 1 2 68.3114
0.4405 2 2 48.2059
0.4405 1 3 59.5421
0.4405 2 3 69.2682
0.4421 1 2 68.3192
0.4421 2 2 48.2165
0.4421 1 3 59.5518
0.4421 2 3 69.2802
0.4437 1 2 68.3175
0.4437 2 2 48.2323
0.4437 1 3 59.5317
0.4437 2 3 69.2943
0.4453 1 2 68.316
0.4453 2 2 48.2701
0.4453 1 3 59.5345
0.4453 2 3 69.2905
0.4469 1 2 68.3162
0.4469 2 2 48.2603
0.4469 1 3 59.5183
0.4469 2 3 69.2846
0.4485 1 2 68.3313
0.4485 2 2 48.2344
0.4485 1 3 59.52
0.4485 2 3 69.3009
0.4501 1 2 68.3058
0.4501 2 2 48.2334
0.4501 1 3 59.5101
0.4501 2 3 69.2906
0.4517 1 2 68.3089
0.4517 2 2 48.2662
0.4517 1 3 59.5417
0.4517 2 3 69.2687
0.4533 1 2 68.2989
0.4533 2 2 48.2246
0.4533 1 3 59.5108
0.4533 2 3 69.2838
0.4549 1 2 68.2854
0.4549 2 2 48.2137
0.4549 1 3 59.5074
0.4549 2 3 69.2827
0.4565 1 2 68.3014
0.4565 2 2 48.2241
0.4565 1 3 59.5105
0.4565 2 3 69.2655
0.4581 1 2 68.3008
0.4581 2 2 48.2026
0.4581 1 3 59.5012
0.4581 2 3 69.2737
0.4597 1 2 68.283
0.4597 2 2 48.2591
0.4597 1 3 59.5033
0.4597 2 3 69.273
0.4613 1 2 68.2813
0.4613 2 2 48.226
0.4613 1 3 59.4917
0.4613 2 3 69.2706
0.4629 1 2 68.2931
0.4629 2 2 48.2259
0.4629 1 3 59.5026
0.4629 2 3 69.275
0.4645 1 2 68.2995
0.4645 2 2 48.2486
0.4645 1 3 59.5082
0.4645 2 3 69.2813
0.4661 1 2 68.3048
0.4661 2 2 48.264
0.4661 1 3 59.5121
0.4661 2 3 69.268
0.4677 1 2 68.3036
0.4677 2 2 48.1885
0.4677 1 3 59.514
0.4677 2 3 69.2598
0.4693 1 2 68.2805
0.4693 2 2 48.1726
0.4693 1 3 59.5069
0.4693 2 3 69.2694
0.4709 1 2 68.2773
0.4709 2 2 48.1704
0.4709 1 3 59.5111
0.4709 2 3 69.2558
0.4725 1 2 68.2952
0.4725 2 2 48.2227
0.4725 1 3 59.4929
0.4725 2 3 69.2534
0.4741 1 2 68.2925
0.4741 2 2 48.231
0.4741 1 3 59.4915
0.4741 2 3 69.2519
0.4757 1 2 68.2885
0.4757 2 2 48.2355
0.4757 1 3 59.4632
0.4757 2 3 69.2602
0.4773 1 2 68.2849
0.4773 2 2 48.1958
0.4773 1 3 59.4576
0.4773 2 3 69.2674
0.4789 1 2 68.2664
0.4789 2 2 48.1645
0.4789 1 3 59.4759
0.4789 2 3 69.2626
0.4805 1 2 68.2507
0.4805 2 2 48.2496
0.4805 1 3 59.4664
0.4805 2 3 69.2776
0.4821 1 2 68.2591
0.4821 2 2 48.2206
0.4821 1 3 59.4814
0.4821 2 3 69.2733
0.4837 1 2 68.2661
0.4837 2 2 48.207
0.4837 1 3 59.4943
0.4837 2 3 69.2575
0.4853 1 2 68.276
0.4853 2 2 48.1861
0.4853 1 3 59.4813
0.4853 2 3 69.2576
0.4869 1 2 68.269
0.4869 2 2 48.2113
0.4869 1 3 59.4992
0.4869 2 3 69.2597
0.4885 1 2 68.2638
0.4885 2 2 48.2777
0.4885 1 3 59.4867
0.4885 2 3 69.2572
0.4901 1 2 68.2505
0.4901 2 2 48.1808
0.4901 1 3 59.4918
0.4901 2 3 69.252
0.4917 1 2 68.2729
0.4917 2 2 48.2419
0.4917 1 3 59.4877
0.4917 2 3 69.2501
0.4933 1 2 68.2866
0.4933 2 2 48.2076
0.4933 1 3 59.4949
0.4933 2 3 69.226
0.4949 1 2 68.2695
0.4949 2 2 48.1722
0.4949 1 3 59.4821
0.4949 2 3 69.222
0.4965 1 2 68.2544
0.4965 2 2 48.2024
0.4965 1 3 59.4727
0.4965 2 3 69.2149
0.4981 1 2 68.2702
0.4981 2 2 48.1818
0.4981 1 3 59.4827
0.4981 2 3 69.2059
0.4997 1 2 68.2545
0.4997 2 2 48.1608
0.4997 1 3 59.4882
0.4997 2 3 69.224
0.5013 1 2 69.3012
0.5013 2 2 66.9762
0.5013 1 3 57.6757
0.5013 2 3 69.1014
0.5029 1 2 69.289
0.5029 2 2 66.9788
0.5029 1 3 57.66
0.5029 2 3 69.1023
0.5045 1 2 69.2799
0.5045 2 2 66.9784
0.5045 1 3 57.68
0.5045 2 3 69.1245
0.5061 1 2 69.2786
0.5061 2 2 66.9839
0.5061 1 3 57.6611
0.5061 2 3 69.1271
0.5077 1 2 69.2838
0.5077 2 2 66.9911
0.5077 1 3 57.6544
0.5077 2 3 69.1157
0.5093 1 2 69.2914
0.5093 2 2 66.9959
0.5093 1 3 57.6435
0.5093 2 3 69.1204
0.5109 1 2 69.2876
0.5109 2 2 66.9884
0.5109 1 3 57.6459
0.5109 2 3 69.1231
0.5125 1 2 69.309
0.5125 2 2 66.978
0.5125 1 3 57.6553
0.5125 2 3 69.1128
0.5141 1 2 69.337
0.5141 2 2 66.9722
0.5141 1 3 57.6247
0.5141 2 3 69.1191
0.5157 1 2 69.35
0.5157 2 2 66.9608
0.5157 1 3 57.6163
0.5157 2 3 69.0969
0.5173 1 2 69.3553
0.5173 2 2 66.952
0.5173 1 3 57.6478
0.5173 2 3 69.0912
0.5189 1 2 69.3643
0.5189 2 2 66.9448
0.5189 1 3 57.6223
0.5189 2 3 69.0895
0.5205 1 2 69.3796
0.5205 2 2 66.9621
0.5205 1 3 57.6039
0.5205 2 3 69.1052
0.5221 1 2 69.3919
0.5221 2 2 66.9451
0.5221 1 3 57.6198
0.5221 2 3 69.114
0.5237 1 2 69.3892
0.5237 2 2 66.9623
0.5237 1 3 57.6271
0.5237 2 3 69.1084
0.5253 1 2 69.3839
0.5253 2 2 66.9725
0.5253 1 3 57.617
0.5253 2 3 69.1112
0.5269 1 2 69.3964
0.5269 2 2 66.9729
0.5269 1 3 57.5988
0.5269 2 3 69.1241
0.5285 1 2 69.4057
0.5285 2 2 66.9697
0.5285 1 3 57.5928
0.5285 2 3 69.1302
0.5301 1 2 69.4118
0.5301 2 2 66.9912
0.5301 1 3 57.6083
0.5301 2 3 69.1249
0.5317 1 2 69.4323
0.5317 2 2 67.0013
0.5317 1 3 57.6321
0.5317 2 3 69.1308
0.5333 1 2 69.4485
0.5333 2 2 66.9979
0.5333 1 3 57.6254
0.5333 2 3 69.116
0.5349 1 2 69.4598
0.5349 2 2 66.9927
0.5349 1 3 57.608
0.5349 2 3 69.125
0.5365 1 2 69.4511
0.5365 2 2 66.9932
0.5365 1 3 57.6427
0.5365 2 3 69.1275
0.5381 1 2 69.4333
0.5381 2 2 66.9827
0.5381 1 3 57.6352
0.5381 2 3 69.1361
0.5397 1 2 69.4244
0.5397 2 2 66.9942
0.5397 1 3 57.6716
0.5397 2 3 69.1378
0.5413 1 2 69.4201
0.5413 2 2 66.9865
0.5413 1 3 57.676
0.5413 2 3 69.1435
0.5429 1 2 69.4168
0.5429 2 2 66.9848
0.5429 1 3 57.6883
0.5429 2 3 69.1412
0.5445 1 2 69.4084
0.5445 2 2 66.9823
0.5445 1 3 57.6775
0.5445 2 3 69.162
0.5461 1 2 69.3918
0.5461 2 2 66.9912
0.5461 1 3 57.6602
0.5461 2 3 69.1694
0.5477 1 2 69.3837
0.5477 2 2 67.0033
0.5477 1 3 57.6495
0.5477 2 3 69.1645
0.5493 1 2 69.3902
0.5493 2 2 67.0188
0.5493 1 3 57.6285
0.5493 2 3 69.1556
0.5509 1 2 69.3674
0.5509 2 2 67.0241
0.5509 1 3 57.6431
0.5509 2 3 69.1484
0.5525 1 2 69.3761
0.5525 2 2 67.0451
0.5525 1 3 57.6662
0.5525 2 3 69.1576
0.5541 1 2 69.3689
0.5541 2 2 67.0343
0.5541 1 3 57.645
0.5541 2 3 69.1707
0.5557 1 2 69.369
0.5557 2 2 67.0434
0.5557 1 3 57.6615
0.5557 2 3 69.173
0.5573 1 2 69.3591
0.5573 2 2 67.0435
0.5573 1 3 57.6496
0.5573 2 3 69.1652
0.5589 1 2 69.3561
0.5589 2 2 67.0493
0.5589 1 3 57.6569
0.5589 2 3 69.1688
0.5605 1 2 69.3514
0.5605 2 2 67.0567
0.5605 1 3 57.659
0.5605 2 3 69.1924
0.5621 1 2 69.3336
0.5621 2 2 67.0501
0.5621 1 3 57.6683
0.5621 2 3 69.1767
0.5637 1 2 69.3227
0.5637 2 2 67.0471
0.5637 1 3 57.6417
0.5637 2 3 69.1853
0.5653 1 2 69.3278
0.5653 2 2 67.0505
0.5653 1 3 57.6577
0.5653 2 3 69.1853
0.5669 1 2 69.3225
0.5669 2 2 67.0473
0.5669 1 3 57.6612
0.5669 2 3 69.1991
0.5685 1 2 69.3244
0.5685 2 2 67.0461
0.5685 1 3 57.676
0.5685 2 3 69.2096
0.5701 1 2 69.3248
0.5701 2 2 67.0671
0.5701 1 3 57.6556
0.5701 2 3 69.1855
0.5717 1 2 69.3183
0.5717 2 2 67.0664
0.5717 1 3 57.674
0.5717 2 3 69.1857
0.5733 1 2 69.3267
0.5733 2 2 67.066
0.5733 1 3 57.6717
0.5733 2 3 69.1864
0.5749 1 2 69.3289
0.5749 2 2 67.0727
0.5749 1 3 57.6797
0.5749 2 3 69.1921
0.5765 1 2 69.3098
0.5765 2 2 67.0527
0.5765 1 3 57.7011
0.5765 2 3 69.2001
0.5781 1 2 69.3262
0.5781 2 2 67.0702
0.5781 1 3 57.6864
0.5781 2 3 69.2101
0.5797 1 2 69.3243
0.5797 2 2 67.0637
0.5797 1 3 57.6958
0.5797 2 3 69.1973
0.5813 1 2 69.3305
0.5813 2 2 67.071
0.5813 1 3 57.6975
0.5813 2 3 69.1818
0.5829 1 2 69.3364
0.5829 2 2 67.0514
0.5829 1 3 57.7188
0.5829 2 3 69.1751
0.5845 1 2 69.3351
0.5845 2 2 67.0519
0.5845 1 3 57.7331
0.5845 2 3 69.1682
0.5861 1 2 69.3508
0.5861 2 2 67.0657
0.5861 1 3 57.7009
0.5861 2 3 69.1623
0.5877 1 2 69.3623
0.5877 2 2 67.0731
0.5877 1 3 57.7123
0.5877 2 3 69.1509
0.5893 1 2 69.3569
0.5893 2 2 67.0798
0.5893 1 3 57.7556
0.5893 2 3 69.1553
0.5909 1 2 69.3632
0.5909 2 2 67.0779
0.5909 1 3 57.741
0.5909 2 3 69.1627
0.5925 1 2 69.3432
0.5925 2 2 67.0637
0.5925 1 3 57.7211
0.5925 2 3 69.1461
0.5941 1 2 69.3537
0.5941 2 2 67.0714
0.5941 1 3 57.753
0.5941 2 3 69.1363
0.5957 1 2 69.3642
0.5957 2 2 67.0731
0.5957 1 3 57.7375
0.5957 2 3 69.1294
0.5973 1 2 69.378
0.5973 2 2 67.0858
0.5973 1 3 57.7612
0.5973 2 3 69.1308
0.5989 1 2 69.371
0.5989 2 2 67.086
0.5989 1 3 57.749
0.5989 2 3 69.1234
0.6005 1 2 69.3542
0.6005 2 2 67.0848
0.6005 1 3 57.781
0.6005 2 3 69.1349
0.6021 1 2 69.0849
0.6021 2 2 42.0098
0.6021 1 3 61.3705
0.6021 2 3 70.0951
0.6037 1 2 69.0686
0.6037 2 2 42.068
0.6037 1 3 61.361
0.6037 2 3 70.0914
0.6053 1 2 69.065
0.6053 2 2 41.9169
0.6053 1 3 61.3641
0.6053 2 3 70.0975
0.6069 1 2 69.0668
0.6069 2 2 42.0693
0.6069 1 3 61.3645
0.6069 2 3 70.1015
0.6085 1 2 69.0624
0.6085 2 2 41.9136
0.6085 1 3 61.3353
0.6085 2 3 70.0863
0.6101 1 2 69.048
0.6101 2 2 41.9106
0.6101 1 3 61.3585
0.6101 2 3 70.0752
0.6117 1 2 69.0236
0.6117 2 2 41.9618
0.6117 1 3 61.3518
0.6117 2 3 70.0511
0.6133 1 2 69.0314
0.6133 2 2 41.913
0.6133 1 3 61.3611
0.6133 2 3 70.0476
0.6149 1 2 69.0274
0.6149 2 2 41.9389
0.6149 1 3 61.3675
0.6149 2 3 70.0422
0.6165 1 2 69.023
0.6165 2 2 42.0052
0.6165 1 3 61.3412
0.6165 2 3 70.0353
0.6181 1 2 69.0151
0.6181 2 2 41.9736
0.6181 1 3 61.3495
0.6181 2 3 70.0503
0.6197 1 2 69.0351
0.6197 2 2 42.017
0.6197 1 3 61.33
0.6197 2 3 70.0456
0.6213 1 2 69.0399
0.6213 2 2 42.0887
0.6213 1 3 61.3488
0.6213 2 3 70.0502
0.6229 1 2 69.0459
0.6229 2 2 41.9596
0.6229 1 3 61.3524
0.6229 2 3 70.047
0.6245 1 2 69.0392
0.6245 2 2 41.9969
0.6245 1 3 61.3656
0.6245 2 3 70.0396
0.6261 1 2 69.0427
0.6261 2 2 41.961
0.6261 1 3 61.3614
0.6261 2 3 70.0436
0.6277 1 2 69.0309
0.6277 2 2 42.0234
0.6277 1 3 61.3673
0.6277 2 3 70.0632
0.6293 1 2 69.0276
0.6293 2 2 41.9775
0.6293 1 3 61.3979
0.6293 2 3 70.0788
0.6309 1 2 69.0307
0.6309 2 2 42.006
0.6309 1 3 61.392
0.6309 2 3 70.0874
0.6325 1 2 69.0563
0.6325 2 2 41.9788
0.6325 1 3 61.4029
0.6325 2 3 70.0959
0.6341 1 2 69.075
0.6341 2 2 42.0194
0.6341 1 3 61.4232
0.6341 2 3 70.1041
0.6357 1 2 69.0834
0.6357 2 2 42.0498
0.6357 1 3 61.4163
0.6357 2 3 70.0865
0.6373 1 2 69.0759
0.6373 2 2 42.0574
0.6373 1 3 61.3994
0.6373 2 3 70.0865
0.6389 1 2 69.08
0.6389 2 2 42.0254
0.6389 1 3 61.4001
0.6389 2 3 70.0815
0.6405 1 2 69.0879
0.6405 2 2 42.0117
0.6405 1 3 61.3924
0.6405 2 3 70.0775
0.6421 1 2 69.082
0.6421 2 2 41.9951
0.6421 1 3 61.4108
0.6421 2 3 70.0724
0.6437 1 2 69.095
0.6437 2 2 42.019
0.6437 1 3 61.4062
0.6437 2 3 70.0858
0.6453 1 2 69.1091
0.6453 2 2 41.9678
0.6453 1 3 61.4058
0.6453 2 3 70.0798
0.6469 1 2 69.115
0.6469 2 2 42.0273
0.6469 1 3 61.403
0.6469 2 3 70.0908
0.6485 1 2 69.0988
0.6485 2 2 41.937
0.6485 1 3 61.401
0.6485 2 3 70.0906
0.6501 1 2 69.0828
0.6501 2 2 42.0868
0.6501 1 3 61.4104
0.6501 2 3 70.1006
0.6517 1 2 69.1079
0.6517 2 2 42.0639
0.6517 1 3 61.4163
0.6517 2 3 70.1105
0.6533 1 2 69.1154
0.6533 2 2 41.9903
0.6533 1 3 61.4096
0.6533 2 3 70.116
0.6549 1 2 69.1095
0.6549 2 2 42.0438
0.6549 1 3 61.3938
0.6549 2 3 70.104
0.6565 1 2 69.1009
0.6565 2 2 41.9959
0.6565 1 3 61.3884
0.6565 2 3 70.0867
0.6581 1 2 69.134
0.6581 2 2 42.052
0.6581 1 3 61.4024
0.6581 2 3 70.0895
0.6597 1 2 69.1373
0.6597 2 2 42.0027
0.6597 1 3 61.3929
0.6597 2 3 70.1005
0.6613 1 2 69.139
0.6613 2 2 42.0277
0.6613 1 3 61.401
0.6613 2 3 70.1046
0.6629 1 2 69.1573
0.6629 2 2 42.0794
0.6629 1 3 61.4109
0.6629 2 3 70.1164
0.6645 1 2 69.1685
0.6645 2 2 42.0414
0.6645 1 3 61.4099
0.6645 2 3 70.115
0.6661 1 2 69.185
0.6661 2 2 42.0378
0.6661 1 3 61.4155
0.6661 2 3 70.1095
0.6677 1 2 69.1802
0.6677 2 2 42.0339
0.6677 1 3 61.4274
0.6677 2 3 70.1144
0.6693 1 2 69.197
0.6693 2 2 42.0466
0.6693 1 3 61.4153
0.6693 2 3 70.11
0.6709 1 2 69.1947
0.6709 2 2 41.9827
0.6709 1 3 61.4315
0.6709 2 3 70.0982
0.6725 1 2 69.1923
0.6725 2 2 42.0205
0.6725 1 3 61.4309
0.6725 2 3 70.0965
0.6741 1 2 69.1909
0.6741 2 2 42.0979
0.6741 1 3 61.4319
0.6741 2 3 70.099
0.6757 1 2 69.182
0.6757 2 2 42.0782
0.6757 1 3 61.4247
0.6757 2 3 70.0867
0.6773 1 2 69.1731
0.6773 2 2 42.1235
0.6773 1 3 61.4226
0.6773 2 3 70.0701
0.6789 1 2 69.1923
0.6789 2 2 41.9556
0.6789 1 3 61.413
0.6789 2 3 70.0859
0.6805 1 2 69.1711
0.6805 2 2 42.0526
0.6805 1 3 61.4061
0.6805 2 3 70.064
0.6821 1 2 69.1614
0.6821 2 2 41.9253
0.6821 1 3 61.3842
0.6821 2 3 70.0648
0.6837 1 2 69.1386
0.6837 2 2 42.0742
0.6837 1 3 61.3959
0.6837 2 3 70.0825
0.6853 1 2 69.1322
0.6853 2 2 42.0446
0.6853 1 3 61.3765
0.6853 2 3 70.0815
0.6869 1 2 69.1336
0.6869 2 2 42.0334
0.6869 1 3 61.3847
0.6869 2 3 70.0829
0.6885 1 2 69.1408
0.6885 2 2 41.9624
0.6885 1 3 61.3826
0.6885 2 3 70.1153
0.6901 1 2 69.1596
0.6901 2 2 42.0085
0.6901 1 3 61.3722
0.6901 2 3 70.1145
0.6917 1 2 69.1584
0.6917 2 2 42.0009
0.6917 1 3 61.3775
0.6917 2 3 70.1189
0.6933 1 2 69.1616
0.6933 2 2 41.9976
0.6933 1 3 61.3956
0.6933 2 3 70.1164
0.6949 1 2 69.1632
0.6949 2 2 41.9825
0.6949 1 3 61.3795
0.6949 2 3 70.1115
0.6965 1 2 69.1569
0.6965 2 2 41.912
0.6965 1 3 61.4087
0.6965 2 3 70.1179
0.6981 1 2 69.168
0.6981 2 2 42.0368
0.6981 1 3 61.4226
0.6981 2 3 70.1281
0.6997 1 2 69.182
0.6997 2 2 41.9607
0.6997 1 3 61.451
0.6997 2 3 70.1356
0.7013 1 2 48.8356
0.7013 2 2 46.5647
0.7013 1 3 61.942
0.7013 2 3 69.5409
0.7029 1 2 48.8538
0.7029 2 2 46.5481
0.7029 1 3 61.9326
0.7029 2 3 69.5354
0.7045 1 2 48.8629
0.7045 2 2 46.5581
0.7045 1 3 61.9259
0.7045 2 3 69.5239
0.7061 1 2 48.8533
0.7061 2 2 46.535
0.7061 1 3 61.923
0.7061 2 3 69.5123
0.7077 1 2 48.8606
0.7077 2 2 46.5721
0.7077 1 3 61.9171
0.7077 2 3 69.5118
0.7093 1 2 48.8914
0.7093 2 2 46.5395
0.7093 1 3 61.9105
0.7093 2 3 69.5078
0.7109 1 2 48.8771
0.7109 2 2 46.5692
0.7109 1 3 61.9008
0.7109 2 3 69.4992
0.7125 1 2 48.8547
0.7125 2 2 46.5576
0.7125 1 3 61.9175
0.7125 2 3 69.4938
0.7141 1 2 48.8394
0.7141 2 2 46.553
0.7141 1 3 61.9142
0.7141 2 3 69.4914
0.7157 1 2 48.8479
0.7157 2 2 46.5624
0.7157 1 3 61.9191
0.7157 2 3 69.4794
0.7173 1 2 48.8188
0.7173 2 2 46.6153
0.7173 1 3 61.9138
0.7173 2 3 69.4769
0.7189 1 2 48.8607
0.7189 2 2 46.6199
0.7189 1 3 61.9268
0.7189 2 3 69.4814
0.7205 1 2 48.9049
0.7205 2 2 46.5712
0.7205 1 3 61.9099
0.7205 2 3 69.4813
0.7221 1 2 48.9199
0.7221 2 2 46.5854
0.7221 1 3 61.9284
0.7221 2 3 69.4926
0.7237 1 2 48.829
0.7237 2 2 46.5899
0.7237 1 3 61.9127
0.7237 2 3 69.501
0.7253 1 2 48.8997
0.7253 2 2 46.5709
0.7253 1 3 61.932
0.7253 2 3 69.5362
0.7269 1 2 48.8684
0.7269 2 2 46.5763
0.7269 1 3 61.9222
0.7269 2 3 69.5415
0.7285 1 2 48.8753
0.7285 2 2 46.6046
0.7285 1 3 61.9229
0.7285 2 3 69.5479
0.7301 1 2 48.8703
0.7301 2 2 46.5334
0.7301 1 3 61.9242
0.7301 2 3 69.5357
0.7317 1 2 48.9017
0.7317 2 2 46.5724
0.7317 1 3 61.9205
0.7317 2 3 69.5538
0.7333 1 2 48.8457
0.7333 2 2 46.5603
0.7333 1 3 61.9206
0.7333 2 3 69.5559
0.7349 1 2 48.8999
0.7349 2 2 46.5879
0.7349 1 3 61.9239
0.7349 2 3 69.559
0.7365 1 2 48.8865
0.7365 2 2 46.6503
0.7365 1 3 61.917
0.7365 2 3 69.5625
0.7381 1 2 48.8402
0.7381 2 2 46.6391
0.7381 1 3 61.9043
0.7381 2 3 69.566
0.7397 1 2 48.8485
0.7397 2 2 46.6316
0.7397 1 3 61.9009
0.7397 2 3 69.5526
0.7413 1 2 48.8347
0.7413 2 2 46.6353
0.7413 1 3 61.8789
0.7413 2 3 69.5641
0.7429 1 2 48.8663
0.7429 2 2 46.659
0.7429 1 3 61.8885
0.7429 2 3 69.5712
0.7445 1 2 48.8676
0.7445 2 2 46.6555
0.7445 1 3 61.8605
0.7445 2 3 69.5709
0.7461 1 2 48.8421
0.7461 2 2 46.6263
0.7461 1 3 61.8667
0.7461 2 3 69.5597
0.7477 1 2 48.7931
0.7477 2 2 46.657
0.7477 1 3 61.8502
0.7477 2 3 69.5542
0.7493 1 2 48.8341
0.7493 2 2 46.6641
0.7493 1 3 61.8466
0.7493 2 3 69.569
0.7509 1 2 48.8229
0.7509 2 2 46.6215
0.7509 1 3 61.8683
0.7509 2 3 69.5577
0.7525 1 2 48.7747
0.7525 2 2 46.6147
0.7525 1 3 61.8488
0.7525 2 3 69.5562
0.7541 1 2 48.8186
0.7541 2 2 46.5847
0.7541 1 3 61.8384
0.7541 2 3 69.5641
0.7557 1 2 48.81
0.7557 2 2 46.6659
0.7557 1 3 61.8395
0.7557 2 3 69.5684
0.7573 1 2 48.7918
0.7573 2 2 46.6173
0.7573 1 3 61.8178
0.7573 2 3 69.5661
0.7589 1 2 48.8732
0.7589 2 2 46.6138
0.7589 1 3 61.8172
0.7589 2 3 69.5467
0.7605 1 2 48.8537
0.7605 2 2 46.6558
0.7605 1 3 61.821
0.7605 2 3 69.5612
0.7621 1 2 48.8156
0.7621 2 2 46.6732
0.7621 1 3 61.8085
0.7621 2 3 69.5705
0.7637 1 2 48.8353
0.7637 2 2 46.7099
0.7637 1 3 61.8065
0.7637 2 3 69.5788
0.7653 1 2 48.8107
0.7653 2 2 46.7059
0.7653 1 3 61.8259
0.7653 2 3 69.5574
0.7669 1 2 48.8112
0.7669 2 2 46.6858
0.7669 1 3 61.8245
0.7669 2 3 69.5786
0.7685 1 2 48.7872
0.7685 2 2 46.6715
0.7685 1 3 61.8187
0.7685 2 3 69.6001
0.7701 1 2 48.7591
0.7701 2 2 46.7333
0.7701 1 3 61.8159
0.7701 2 3 69.618
0.7717 1 2 48.7746
0.7717 2 2 46.7166
0.7717 1 3 61.83
0.7717 2 3 69.6231
0.7733 1 2 48.7748
0.7733 2 2 46.7238
0.7733 1 3 61.8454
0.7733 2 3 69.6238
0.7749 1 2 48.756
0.7749 2 2 46.7556
0.7749 1 3 61.8489
0.7749 2 3 69.6198
0.7765 1 2 48.7701
0.7765 2 2 46.71
0.7765 1 3 61.8551
0.7765 2 3 69.6361
0.7781 1 2 48.7854
0.7781 2 2 46.6939
0.7781 1 3 61.8392
0.7781 2 3 69.6219
0.7797 1 2 48.7403
0.7797 2 2 46.7286
0.7797 1 3 61.8358
0.7797 2 3 69.6362
0.7813 1 2 48.7385
0.7813 2 2 46.7228
0.7813 1 3 61.8459
0.7813 2 3 69.6326
0.7829 1 2 48.7999
0.7829 2 2 46.7363
0.7829 1 3 61.8463
0.7829 2 3 69.6401
0.7845 1 2 48.7803
0.7845 2 2 46.7286
0.7845 1 3 61.8384
0.7845 2 3 69.6719
0.7861 1 2 48.7973
0.7861 2 2 46.6606
0.7861 1 3 61.8434
0.7861 2 3 69.6775
0.7877 1 2 48.8079
0.7877 2 2 46.6727
0.7877 1 3 61.8466
0.7877 2 3 69.6701
0.7893 1 2 48.7677
0.7893 2 2 46.7348
0.7893 1 3 61.847
0.7893 2 3 69.6593
0.7909 1 2 48.7891
0.7909 2 2 46.7082
0.7909 1 3 61.8513
0.7909 2 3 69.6551
0.7925 1 2 48.7829
0.7925 2 2 46.6798
0.7925 1 3 61.8586
0.7925 2 3 69.6762
0.7941 1 2 48.7856
0.7941 2 2 46.7847
0.7941 1 3 61.8445
0.7941 2 3 69.6704
0.7957 1 2 48.7654
0.7957 2 2 46.6929
0.7957 1 3 61.8361
0.7957 2 3 69.6587
0.7973 1 2 48.784
0.7973 2 2 46.7181
0.7973 1 3 61.8458
0.7973 2 3 69.6731
0.7989 1 2 48.7917
0.7989 2 2 46.716
0.7989 1 3 61.8356
0.7989 2 3 69.6677
0.8005 1 2 48.7716
0.8005 2 2 46.7618
0.8005 1 3 61.8335
0.8005 2 3 69.6552
0.8021 1 2 68.9298
0.8021 2 2 46.7601
0.8021 1 3 55.5165
0.8021 2 3 71.0018
0.8037 1 2 68.9216
0.8037 2 2 46.7937
0.8037 1 3 55.4731
0.8037 2 3 71.0023
0.8053 1 2 68.9379
0.8053 2 2 46.7091
0.8053 1 3 55.4831
0.8053 2 3 71.0067
0.8069 1 2 68.9457
0.8069 2 2 46.7999
0.8069 1 3 55.48
0.8069 2 3 70.9871
0.8085 1 2 68.9598
0.8085 2 2 46.7468
0.8085 1 3 55.4553
0.8085 2 3 70.9945
0.8101 1 2 68.959
0.8101 2 2 46.7438
0.8101 1 3 55.4399
0.8101 2 3 70.9954
0.8117 1 2 68.9428
0.8117 2 2 46.7867
0.8117 1 3 55.4391
0.8117 2 3 70.9854
0.8133 1 2 68.9552
0.8133 2 2 46.7796
0.8133 1 3 55.4225
0.8133 2 3 70.9723
0.8149 1 2 68.9562
0.8149 2 2 46.7846
0.8149 1 3 55.4176
0.8149 2 3 70.9603
0.8165 1 2 68.9528
0.8165 2 2 46.801
0.8165 1 3 55.4008
0.8165 2 3 70.9655
0.8181 1 2 68.9463
0.8181 2 2 46.7973
0.8181 1 3 55.4084
0.8181 2 3 70.9845
0.8197 1 2 68.9777
0.8197 2 2 46.8648
0.8197 1 3 55.4139
0.8197 2 3 70.9879
0.8213 1 2 68.9878
0.8213 2 2 46.8004
0.8213 1 3 55.4257
0.8213 2 3 70.9779
0.8229 1 2 68.9619
0.8229 2 2 46.793
0.8229 1 3 55.4202
0.8229 2 3 71.0015
0.8245 1 2 68.9684
0.8245 2 2 46.8167
0.8245 1 3 55.41
0.8245 2 3 70.9968
0.8261 1 2 68.9773
0.8261 2 2 46.7877
0.8261 1 3 55.412
0.8261 2 3 70.9874
0.8277 1 2 68.9652
0.8277 2 2 46.8276
0.8277 1 3 55.4202
0.8277 2 3 70.9696
0.8293 1 2 69.0008
0.8293 2 2 46.8502
0.8293 1 3 55.4005
0.8293 2 3 70.9695
0.8309 1 2 69.0009
0.8309 2 2 46.8341
0.8309 1 3 55.398
0.8309 2 3 70.9404
0.8325 1 2 68.9899
0.8325 2 2 46.7833
0.8325 1 3 55.3658
0.8325 2 3 70.9287
0.8341 1 2 68.9911
0.8341 2 2 46.8371
0.8341 1 3 55.3514
0.8341 2 3 70.9297
0.8357 1 2 69.0111
0.8357 2 2 46.8317
0.8357 1 3 55.3481
0.8357 2 3 70.9166
0.8373 1 2 69.0182
0.8373 2 2 46.8037
0.8373 1 3 55.3658
0.8373 2 3 70.918
0.8389 1 2 69.0044
0.8389 2 2 46.7984
0.8389 1 3 55.3537
0.8389 2 3 70.9206
0.8405 1 2 69.0182
0.8405 2 2 46.8276
0.8405 1 3 55.3293
0.8405 2 3 70.9216
0.8421 1 2 69.0245
0.8421 2 2 46.7764
0.8421 1 3 55.3241
0.8421 2 3 70.9275
0.8437 1 2 69.0407
0.8437 2 2 46.8532
0.8437 1 3 55.3195
0.8437 2 3 70.9315
0.8453 1 2 69.0444
0.8453 2 2 46.7907
0.8453 1 3 55.3031
0.8453 2 3 70.9417
0.8469 1 2 69.0557
0.8469 2 2 46.7838
0.8469 1 3 55.2749
0.8469 2 3 70.9556
0.8485 1 2 69.045
0.8485 2 2 46.8629
0.8485 1 3 55.2811
0.8485 2 3 70.9605
0.8501 1 2 69.0265
0.8501 2 2 46.8011
0.8501 1 3 55.2418
0.8501 2 3 70.9559
0.8517 1 2 69.0626
0.8517 2 2 46.7644
0.8517 1 3 55.23
0.8517 2 3 70.9621
0.8533 1 2 69.066
0.8533 2 2 46.8233
0.8533 1 3 55.2523
0.8533 2 3 70.9713
0.8549 1 2 69.098
0.8549 2 2 46.8406
0.8549 1 3 55.1931
0.8549 2 3 70.9881
0.8565 1 2 69.1121
0.8565 2 2 46.7492
0.8565 1 3 55.2189
0.8565 2 3 70.9772
0.8581 1 2 69.1215
0.8581 2 2 46.8163
0.8581 1 3 55.1985
0.8581 2 3 70.9435
0.8597 1 2 69.1267
0.8597 2 2 46.7881
0.8597 1 3 55.1838
0.8597 2 3 70.9504
0.8613 1 2 69.1244
0.8613 2 2 46.7956
0.8613 1 3 55.2093
0.8613 2 3 70.9546
0.8629 1 2 69.1396
0.8629 2 2 46.8152
0.8629 1 3 55.1804
0.8629 2 3 70.9492
0.8645 1 2 69.1454
0.8645 2 2 46.8367
0.8645 1 3 55.177
0.8645 2 3 70.9567
0.8661 1 2 69.1516
0.8661 2 2 46.7978
0.8661 1 3 55.1684
0.8661 2 3 70.9498
0.8677 1 2 69.1506
0.8677 2 2 46.8461
0.8677 1 3 55.1338
0.8677 2 3 70.9607
0.8693 1 2 69.155
0.8693 2 2 46.8136
0.8693 1 3 55.1277
0.8693 2 3 70.9669
0.8709 1 2 69.1699
0.8709 2 2 46.7618
0.8709 1 3 55.1401
0.8709 2 3 70.9539
0.8725 1 2 69.1542
0.8725 2 2 46.8293
0.8725 1 3 55.1442
0.8725 2 3 70.9592
0.8741 1 2 69.1224
0.8741 2 2 46.8206
0.8741 1 3 55.1192
0.8741 2 3 70.9602
0.8757 1 2 69.1258
0.8757 2 2 46.8232
0.8757 1 3 55.1141
0.8757 2 3 70.9486
0.8773 1 2 69.1214
0.8773 2 2 46.8179
0.8773 1 3 55.102
0.8773 2 3 70.9517
0.8789 1 2 69.1318
0.8789 2 2 46.8385
0.8789 1 3 55.0999
0.8789 2 3 70.9483
0.8805 1 2 69.1351
0.8805 2 2 46.8859
0.8805 1 3 55.0769
0.8805 2 3 70.951
0.8821 1 2 69.1422
0.8821 2 2 46.846
0.8821 1 3 55.0811
0.8821 2 3 70.9654
0.8837 1 2 69.1267
0.8837 2 2 46.8463
0.8837 1 3 55.0758
0.8837 2 3 70.9473
0.8853 1 2 69.1104
0.8853 2 2 46.8825
0.8853 1 3 55.105
0.8853 2 3 70.9415
0.8869 1 2 69.1143
0.8869 2 2 46.8698
0.8869 1 3 55.0718
0.8869 2 3 70.9548
0.8885 1 2 69.1065
0.8885 2 2 46.856
0.8885 1 3 55.0557
0.8885 2 3 70.9571
0.8901 1 2 69.106
0.8901 2 2 46.8348
0.8901 1 3 55.068
0.8901 2 3 70.9705
0.8917 1 2 69.1157
0.8917 2 2 46.8142
0.8917 1 3 55.0355
0.8917 2 3 70.9685
0.8933 1 2 69.1394
0.8933 2 2 46.8241
0.8933 1 3 55.028
0.8933 2 3 70.9655
0.8949 1 2 69.1359
0.8949 2 2 46.8335
0.8949 1 3 55.0165
0.8949 2 3 70.9696
0.8965 1 2 69.1294
0.8965 2 2 46.865
0.8965 1 3 55.0164
0.8965 2 3 70.9839
0.8981 1 2 69.1108
0.8981 2 2 46.8371
0.8981 1 3 55.0308
0.8981 2 3 70.9772
0.8997 1 2 69.0953
0.8997 2 2 46.7711
0.8997 1 3 55.002
0.8997 2 3 70.9911
0.9013 1 2 69.0828
0.9013 2 2 46.8127
0.9013 1 3 55.0002
0.9013 2 3 70.983
0.9029 1 2 68.9795
0.9029 2 2 48.0026
0.9029 1 3 58.6585
0.9029 2 3 68.6671
0.9045 1 2 68.9593
0.9045 2 2 48.0219
0.9045 1 3 58.6555
0.9045 2 3 68.6759
0.9061 1 2 68.972
0.9061 2 2 48.0119
0.9061 1 3 58.6505
0.9061 2 3 68.676
0.9077 1 2 68.9853
0.9077 2 2 48.0522
0.9077 1 3 58.664
0.9077 2 3 68.6694
0.9093 1 2 68.9682
0.9093 2 2 47.9756
0.9093 1 3 58.6704
0.9093 2 3 68.683
0.9109 1 2 68.9548
0.9109 2 2 47.9701
0.9109 1 3 58.6591
0.9109 2 3 68.6803
0.9125 1 2 68.9452
0.9125 2 2 47.9923
0.9125 1 3 58.6634
0.9125 2 3 68.7132
0.9141 1 2 68.9428
0.9141 2 2 48.0254
0.9141 1 3 58.6721
0.9141 2 3 68.7124
0.9157 1 2 68.9531
0.9157 2 2 48.0168
0.9157 1 3 58.6712
0.9157 2 3 68.7225
0.9173 1 2 68.9492
0.9173 2 2 48.048
0.9173 1 3 58.6665
0.9173 2 3 68.7104
0.9189 1 2 68.9584
0.9189 2 2 48.0595
0.9189 1 3 58.6739
0.9189 2 3 68.7021
0.9205 1 2 68.9755
0.9205 2 2 48.0754
0.9205 1 3 58.6907
0.9205 2 3 68.7065
0.9221 1 2 68.9709
0.9221 2 2 48.0236
0.9221 1 3 58.6921
0.9221 2 3 68.7241
0.9237 1 2 68.9575
0.9237 2 2 47.9793
0.9237 1 3 58.6931
0.9237 2 3 68.7317
0.9253 1 2 68.944
0.9253 2 2 47.9689
0.9253 1 3 58.7095
0.9253 2 3 68.731
0.9269 1 2 68.9222
0.9269 2 2 47.9864
0.9269 1 3 58.7192
0.9269 2 3 68.7275
0.9285 1 2 68.9424
0.9285 2 2 48.0446
0.9285 1 3 58.7072
0.9285 2 3 68.7293
0.9301 1 2 68.9475
0.9301 2 2 47.985
0.9301 1 3 58.6851
0.9301 2 3 68.7349
0.9317 1 2 68.9407
0.9317 2 2 48.0332
0.9317 1 3 58.718
0.9317 2 3 68.7283
0.9333 1 2 68.9347
0.9333 2 2 48.0076
0.9333 1 3 58.7295
0.9333 2 3 68.7335
0.9349 1 2 68.9371
0.9349 2 2 47.9527
0.9349 1 3 58.7044
0.9349 2 3 68.7349
0.9365 1 2 68.9149
0.9365 2 2 47.942
0.9365 1 3 58.7093
0.9365 2 3 68.7407
0.9381 1 2 68.9069
0.9381 2 2 48.0092
0.9381 1 3 58.7093
0.9381 2 3 68.7299
0.9397 1 2 68.9045
0.9397 2 2 47.9787
0.9397 1 3 58.6947
0.9397 2 3 68.7327
0.9413 1 2 68.8901
0.9413 2 2 47.9678
0.9413 1 3 58.6779
0.9413 2 3 68.7609
0.9429 1 2 68.8891
0.9429 2 2 48.0417
0.9429 1 3 58.6748
0.9429 2 3 68.7695
0.9445 1 2 68.8837
0.9445 2 2 47.9775
0.9445 1 3 58.6797
0.9445 2 3 68.7529
0.9461 1 2 68.8872
0.9461 2 2 47.9771
0.9461 1 3 58.7034
0.9461 2 3 68.7673
0.9477 1 2 68.8803
0.9477 2 2 47.9732
0.9477 1 3 58.7084
0.9477 2 3 68.7728
0.9493 1 2 68.886
0.9493 2 2 47.9667
0.9493 1 3 58.7158
0.9493 2 3 68.7671
0.9509 1 2 68.8831
0.9509 2 2 47.9859
0.9509 1 3 58.7193
0.9509 2 3 68.7707
0.9525 1 2 68.8742
0.9525 2 2 48.007
0.9525 1 3 58.7217
0.9525 2 3 68.7602
0.9541 1 2 68.8716
0.9541 2 2 47.9665
0.9541 1 3 58.7359
0.9541 2 3 68.7695
0.9557 1 2 68.8706
0.9557 2 2 47.9786
0.9557 1 3 58.7222
0.9557 2 3 68.7793
0.9573 1 2 68.8786
0.9573 2 2 47.9994
0.9573 1 3 58.7179
0.9573 2 3 68.7727
0.9589 1 2 68.8863
0.9589 2 2 47.9702
0.9589 1 3 58.7479
0.9589 2 3 68.777
0.9605 1 2 68.891
0.9605 2 2 47.9489
0.9605 1 3 58.7496
0.9605 2 3 68.7616
0.9621 1 2 68.8813
0.9621 2 2 47.9692
0.9621 1 3 58.7459
0.9621 2 3 68.7745
0.9637 1 2 68.8668
0.9637 2 2 48.0443
0.9637 1 3 58.7268
0.9637 2 3 68.7835
0.9653 1 2 68.8602
0.9653 2 2 47.9846
0.9653 1 3 58.7391
0.9653 2 3 68.801
0.9669 1 2 68.8703
0.9669 2 2 48.0027
0.9669 1 3 58.7646
0.9669 2 3 68.8082
0.9685 1 2 68.8622
0.9685 2 2 47.9887
0.9685 1 3 58.7872
0.9685 2 3 68.8148
0.9701 1 2 68.8518
0.9701 2 2 48.009
0.9701 1 3 58.7848
0.9701 2 3 68.8424
0.9717 1 2 68.8592
0.9717 2 2 47.9757
0.9717 1 3 58.7931
0.9717 2 3 68.8396
0.9733 1 2 68.8654
0.9733 2 2 48.0142
0.9733 1 3 58.8064
0.9733 2 3 68.8409
0.9749 1 2 68.8683
0.9749 2 2 48.0251
0.9749 1 3 58.812
0.9749 2 3 68.8552
0.9765 1 2 68.8802
0.9765 2 2 48.01
0.9765 1 3 58.8078
0.9765 2 3 68.84
0.9781 1 2 68.8869
0.9781 2 2 47.9915
0.9781 1 3 58.7947
0.9781 2 3 68.8457
0.9797 1 2 68.876
0.9797 2 2 47.9992
0.9797 1 3 58.8128
0.9797 2 3 68.8484
0.9813 1 2 68.8661
0.9813 2 2 47.9903
0.9813 1 3 58.8275
0.9813 2 3 68.86
0.9829 1 2 68.8552
0.9829 2 2 48.0293
0.9829 1 3 58.8273
0.9829 2 3 68.8545
0.9845 1 2 68.8646
0.9845 2 2 47.9617
0.9845 1 3 58.8093
0.9845 2 3 68.8422
0.9861 1 2 68.8681
0.9861 2 2 47.9338
0.9861 1 3 58.8078
0.9861 2 3 68.8455
0.9877 1 2 68.8686
0.9877 2 2 47.9652
0.9877 1 3 58.8187
0.9877 2 3 68.8354
0.9893 1 2 68.8843
0.9893 2 2 47.9254
0.9893 1 3 58.8208
0.9893 2 3 68.8422
0.9909 1 2 68.876
0.9909 2 2 47.9736
0.9909 1 3 58.8232
0.9909 2 3 68.861
0.9925 1 2 68.8688
0.9925 2 2 47.9687
0.9925 1 3 58.8322
0.9925 2 3 68.8564
0.9941 1 2 68.866
0.9941 2 2 47.972
0.9941 1 3 58.8089
0.9941 2 3 68.8665
0.9957 1 2 68.8647
0.9957 2 2 47.997
0.9957 1 3 58.8153
0.9957 2 3 68.8674
0.9973 1 2 68.8694
0.9973 2 2 47.9759
0.9973 1 3 58.8511
0.9973 2 3 68.8635
0.9989 1 2 68.8614
0.9989 2 2 47.9815
0.9989 1 3 58.864
0.9989 2 3 68.8668
1.0005 1 2 68.8656
1.0005 2 2 47.964
1.0005 1 3 58.8507
1.0005 2 3 68.885
1.0021 1 2 68.958
1.0021 2 2 44.9823
1.0021 1 3 61.7063
1.0021 2 3 67.3043
1.0037 1 2 68.9613
1.0037 2 2 44.9585
1.0037 1 3 61.7102
1.0037 2 3 67.2953
1.0053 1 2 68.9587
1.0053 2 2 44.9103
1.0053 1 3 61.7276
1.0053 2 3 67.2762
1.0069 1 2 68.9463
1.0069 2 2 45.0688
1.0069 1 3 61.7336
1.0069 2 3 67.2797
1.0085 1 2 68.9308
1.0085 2 2 45.0155
1.0085 1 3 61.751
1.0085 2 3 67.2792
1.0101 1 2 68.9127
1.0101 2 2 44.9866
1.0101 1 3 61.7577
1.0101 2 3 67.2794
1.0117 1 2 68.9013
1.0117 2 2 45.0007
1.0117 1 3 61.7575
1.0117 2 3 67.2829
1.0133 1 2 68.9139
1.0133 2 2 45.0687
1.0133 1 3 61.751
1.0133 2 3 67.2836
1.0149 1 2 68.9084
1.0149 2 2 44.9993
1.0149 1 3 61.7426
1.0149 2 3 67.2838
1.0165 1 2 68.8811
1.0165 2 2 45.0294
1.0165 1 3 61.7764
1.0165 2 3 67.2782
1.0181 1 2 68.8879
1.0181 2 2 45.0033
1.0181 1 3 61.7937
1.0181 2 3 67.2919
1.0197 1 2 68.8893
1.0197 2 2 44.9798
1.0197 1 3 61.7886
1.0197 2 3 67.2891
1.0213 1 2 68.8799
1.0213 2 2 44.9592
1.0213 1 3 61.7895
1.0213 2 3 67.3045
1.0229 1 2 68.8616
1.0229 2 2 45.0337
1.0229 1 3 61.7791
1.0229 2 3 67.3052
1.0245 1 2 68.8517
1.0245 2 2 44.9325
1.0245 1 3 61.7836
1.0245 2 3 67.3203
1.0261 1 2 68.8424
1.0261 2 2 44.9606
1.0261 1 3 61.79
1.0261 2 3 67.3204
1.0277 1 2 68.8449
1.0277 2 2 45.0314
1.0277 1 3 61.758
1.0277 2 3 67.3181
1.0293 1 2 68.8661
1.0293 2 2 45.0238
1.0293 1 3 61.7778
1.0293 2 3 67.307
1.0309 1 2 68.8587
1.0309 2 2 44.9629
1.0309 1 3 61.7862
1.0309 2 3 67.2831
1.0325 1 2 68.8301
1.0325 2 2 45.0203
1.0325 1 3 61.7935
1.0325 2 3 67.2816
1.0341 1 2 68.8191
1.0341 2 2 44.9547
1.0341 1 3 61.7882
1.0341 2 3 67.2974
1.0357 1 2 68.8246
1.0357 2 2 44.9345
1.0357 1 3 61.7953
1.0357 2 3 67.3
1.0373 1 2 68.8317
1.0373 2 2 44.8951
1.0373 1 3 61.7857
1.0373 2 3 67.3091
1.0389 1 2 68.817
1.0389 2 2 45.0108
1.0389 1 3 61.7877
1.0389 2 3 67.3079
1.0405 1 2 68.8226
1.0405 2 2 44.9699
1.0405 1 3 61.7763
1.0405 2 3 67.3163
1.0421 1 2 68.8248
1.0421 2 2 44.891
1.0421 1 3 61.7836
1.0421 2 3 67.3157
1.0437 1 2 68.8254
1.0437 2 2 44.8998
1.0437 1 3 61.7723
1.0437 2 3 67.3082
1.0453 1 2 68.81
1.0453 2 2 44.9587
1.0453 1 3 61.7529
1.0453 2 3 67.2978
1.0469 1 2 68.8223
1.0469 2 2 44.9371
1.0469 1 3 61.7824
1.0469 2 3 67.3139
1.0485 1 2 68.827
1.0485 2 2 44.8935
1.0485 1 3 61.7767
1.0485 2 3 67.3249
1.0501 1 2 68.8141
1.0501 2 2 44.9182
1.0501 1 3 61.7764
1.0501 2 3 67.3169
1.0517 1 2 68.7945
1.0517 2 2 44.9019
1.0517 1 3 61.7776
1.0517 2 3 67.3241
1.0533 1 2 68.7993
1.0533 2 2 44.9866
1.0533 1 3 61.7795
1.0533 2 3 67.337
1.0549 1 2 68.8083
1.0549 2 2 44.9012
1.0549 1 3 61.7642
1.0549 2 3 67.3489
1.0565 1 2 68.8224
1.0565 2 2 44.8812
1.0565 1 3 61.7725
1.0565 2 3 67.3323
1.0581 1 2 68.8178
1.0581 2 2 44.851
1.0581 1 3 61.7753
1.0581 2 3 67.329
1.0597 1 2 68.8122
1.0597 2 2 44.8581
1.0597 1 3 61.7711
1.0597 2 3 67.3389
1.0613 1 2 68.8003
1.0613 2 2 44.8722
1.0613 1 3 61.7448
1.0613 2 3 67.3479
1.0629 1 2 68.791
1.0629 2 2 44.7872
1.0629 1 3 61.7417
1.0629 2 3 67.339
1.0645 1 2 68.7924
1.0645 2 2 44.8455
1.0645 1 3 61.7334
1.0645 2 3 67.3284
1.0661 1 2 68.7988
1.0661 2 2 44.8675
1.0661 1 3 61.7553
1.0661 2 3 67.3172
1.0677 1 2 68.7993
1.0677 2 2 44.8468
1.0677 1 3 61.7238
1.0677 2 3 67.334
1.0693 1 2 68.8215
1.0693 2 2 44.8661
1.0693 1 3 61.7327
1.0693 2 3 67.3335
1.0709 1 2 68.8309
1.0709 2 2 44.8601
1.0709 1 3 61.7448
1.0709 2 3 67.3473
1.0725 1 2 68.8378
1.0725 2 2 44.8597
1.0725 1 3 61.7195
1.0725 2 3 67.3323
1.0741 1 2 68.8194
1.0741 2 2 44.8829
1.0741 1 3 61.7374
1.0741 2 3 67.3338
1.0757 1 2 68.8249
1.0757 2 2 44.8834
1.0757 1 3 61.7408
1.0757 2 3 67.3254
1.0773 1 2 68.8209
1.0773 2 2 44.8617
1.0773 1 3 61.7284
1.0773 2 3 67.3383
1.0789 1 2 68.8271
1.0789 2 2 44.8139
1.0789 1 3 61.7002
1.0789 2 3 67.3617
1.0805 1 2 68.8138
1.0805 2 2 44.8197
1.0805 1 3 61.6912
1.0805 2 3 67.371
1.0821 1 2 68.8365
1.0821 2 2 44.9455
1.0821 1 3 61.7074
1.0821 2 3 67.3727
1.0837 1 2 68.8481
1.0837 2 2 44.8166
1.0837 1 3 61.7009
1.0837 2 3 67.3605
1.0853 1 2 68.8177
1.0853 2 2 44.8772
1.0853 1 3 61.6903
1.0853 2 3 67.3672
1.0869 1 2 68.8
1.0869 2 2 44.8315
1.0869 1 3 61.6747
1.0869 2 3 67.342
1.0885 1 2 68.8002
1.0885 2 2 44.9065
1.0885 1 3 61.7088
1.0885 2 3 67.3597
1.0901 1 2 68.7969
1.0901 2 2 44.8116
1.0901 1 3 61.6877
1.0901 2 3 67.3514
1.0917 1 2 68.8175
1.0917 2 2 44.8099
1.0917 1 3 61.7107
1.0917 2 3 67.3734
1.0933 1 2 68.8035
1.0933 2 2 44.8433
1.0933 1 3 61.7044
1.0933 2 3 67.3694
1.0949 1 2 68.7932
1.0949 2 2 44.8405
1.0949 1 3 61.7121
1.0949 2 3 67.3492
1.0965 1 2 68.8175
1.0965 2 2 44.8945
1.0965 1 3 61.7288
1.0965 2 3 67.3185
1.0981 1 2 68.8028
1.0981 2 2 44.8198
1.0981 1 3 61.7328
1.0981 2 3 67.3285
1.0997 1 2 68.8066
1.0997 2 2 44.8273
1.0997 1 3 61.7288
1.0997 2 3 67.3355
1.1013 1 2 68.8275
1.1013 2 2 44.8608
1.1013 1 3 61.7342
1.1013 2 3 67.3365
1.1029 1 2 49.1036
1.1029 2 2 54.3599
1.1029 1 3 61.4219
1.1029 2 3 69.3935
1.1045 1 2 49.149
1.1045 2 2 54.3998
1.1045 1 3 61.4269
1.1045 2 3 69.4025
1.1061 1 2 49.1544
1.1061 2 2 54.3939
1.1061 1 3 61.4347
1.1061 2 3 69.4026
1.1077 1 2 49.0892
1.1077 2 2 54.3692
1.1077 1 3 61.4219
1.1077 2 3 69.4071
1.1093 1 2 49.0592
1.1093 2 2 54.3738
1.1093 1 3 61.4326
1.1093 2 3 69.383
1.1109 1 2 49.1042
1.1109 2 2 54.4133
1.1109 1 3 61.4413
1.1109 2 3 69.3762
1.1125 1 2 49.081
1.1125 2 2 54.3959
1.1125 1 3 61.4605
1.1125 2 3 69.3733
1.1141 1 2 49.1299
1.1141 2 2 54.3829
1.1141 1 3 61.4542
1.1141 2 3 69.3574
1.1157 1 2 49.091
1.1157 2 2 54.3817
1.1157 1 3 61.4494
1.1157 2 3 69.3624
1.1173 1 2 49.1366
1.1173 2 2 54.4013
1.1173 1 3 61.4485
1.1173 2 3 69.3672
1.1189 1 2 49.0818
1.1189 2 2 54.3834
1.1189 1 3 61.4342
1.1189 2 3 69.3631
1.1205 1 2 49.071
1.1205 2 2 54.3729
1.1205 1 3 61.4496
1.1205 2 3 69.3647
1.1221 1 2 49.1235
1.1221 2 2 54.3531
1.1221 1 3 61.449
1.1221 2 3 69.3551
1.1237 1 2 49.1034
1.1237 2 2 54.3542
1.1237 1 3 61.4568
1.1237 2 3 69.3603
1.1253 1 2 49.1077
1.1253 2 2 54.3337
1.1253 1 3 61.4518
1.1253 2 3 69.3535
1.1269 1 2 49.0801
1.1269 2 2 54.3706
1.1269 1 3 61.4288
1.1269 2 3 69.382
1.1285 1 2 49.0871
1.1285 2 2 54.3668
1.1285 1 3 61.4356
1.1285 2 3 69.3916
1.1301 1 2 49.0706
1.1301 2 2 54.3585
1.1301 1 3 61.4758
1.1301 2 3 69.3894
1.1317 1 2 49.0952
1.1317 2 2 54.3601
1.1317 1 3 61.4559
1.1317 2 3 69.3881
1.1333 1 2 49.0968
1.1333 2 2 54.3682
1.1333 1 3 61.4627
1.1333 2 3 69.3761
1.1349 1 2 49.1232
1.1349 2 2 54.3677
1.1349 1 3 61.4969
1.1349 2 3 69.4029
1.1365 1 2 49.1216
1.1365 2 2 54.3533
1.1365 1 3 61.5072
1.1365 2 3 69.3983
1.1381 1 2 49.1313
1.1381 2 2 54.3666
1.1381 1 3 61.5005
1.1381 2 3 69.3986
1.1397 1 2 49.0732
1.1397 2 2 54.4046
1.1397 1 3 61.4932
1.1397 2 3 69.4021
1.1413 1 2 49.11
1.1413 2 2 54.3965
1.1413 1 3 61.4878
1.1413 2 3 69.3975
1.1429 1 2 49.1364
1.1429 2 2 54.3788
1.1429 1 3 61.5174
1.1429 2 3 69.4022
1.1445 1 2 49.1045
1.1445 2 2 54.3713
1.1445 1 3 61.5143
1.1445 2 3 69.3862
1.1461 1 2 49.1303
1.1461 2 2 54.3663
1.1461 1 3 61.5005
1.1461 2 3 69.3805
1.1477 1 2 49.1532
1.1477 2 2 54.352
1.1477 1 3 61.505
1.1477 2 3 69.3826
1.1493 1 2 49.1583
1.1493 2 2 54.3472
1.1493 1 3 61.5071
1.1493 2 3 69.3836
1.1509 1 2 49.1011
1.1509 2 2 54.3849
1.1509 1 3 61.5
1.1509 2 3 69.3782
1.1525 1 2 49.1106
1.1525 2 2 54.3999
1.1525 1 3 61.4977
1.1525 2 3 69.3846
1.1541 1 2 49.1275
1.1541 2 2 54.3566
1.1541 1 3 61.5089
1.1541 2 3 69.3806
1.1557 1 2 49.1544
1.1557 2 2 54.3725
1.1557 1 3 61.4904
1.1557 2 3 69.3698
1.1573 1 2 49.131
1.1573 2 2 54.3509
1.1573 1 3 61.5366
1.1573 2 3 69.3821
1.1589 1 2 49.1414
1.1589 2 2 54.3486
1.1589 1 3 61.5467
1.1589 2 3 69.3711
1.1605 1 2 49.154
1.1605 2 2 54.3588
1.1605 1 3 61.5579
1.1605 2 3 69.362
1.1621 1 2 49.1212
1.1621 2 2 54.3773
1.1621 1 3 61.5505
1.1621 2 3 69.3667
1.1637 1 2 49.1325
1.1637 2 2 54.3296
1.1637 1 3 61.5677
1.1637 2 3 69.3812
1.1653 1 2 49.1201
1.1653 2 2 54.3315
1.1653 1 3 61.5768
1.1653 2 3 69.3653
1.1669 1 2 49.141
1.1669 2 2 54.3504
1.1669 1 3 61.5878
1.1669 2 3 69.3578
1.1685 1 2 49.1858
1.1685 2 2 54.3635
1.1685 1 3 61.5707
1.1685 2 3 69.3541
1.1701 1 2 49.2055
1.1701 2 2 54.3546
1.1701 1 3 61.5465
1.1701 2 3 69.3521
1.1717 1 2 49.1452
1.1717 2 2 54.3461
1.1717 1 3 61.5332
1.1717 2 3 69.366
1.1733 1 2 49.1837
1.1733 2 2 54.3649
1.1733 1 3 61.5131
1.1733 2 3 69.366
1.1749 1 2 49.173
1.1749 2 2 54.365
1.1749 1 3 61.524
1.1749 2 3 69.3598
1.1765 1 2 49.2079
1.1765 2 2 54.3536
1.1765 1 3 61.5105
1.1765 2 3 69.365
1.1781 1 2 49.1532
1.1781 2 2 54.3727
1.1781 1 3 61.5124
1.1781 2 3 69.3679
1.1797 1 2 49.195
1.1797 2 2 54.3664
1.1797 1 3 61.4786
1.1797 2 3 69.3373
1.1813 1 2 49.1655
1.1813 2 2 54.3769
1.1813 1 3 61.4756
1.1813 2 3 69.3339
1.1829 1 2 49.1687
1.1829 2 2 54.3467
1.1829 1 3 61.4895
1.1829 2 3 69.3362
1.1845 1 2 49.1383
1.1845 2 2 54.3544
1.1845 1 3 61.462
1.1845 2 3 69.3455
1.1861 1 2 49.118
1.1861 2 2 54.3211
1.1861 1 3 61.4591
1.1861 2 3 69.3497
1.1877 1 2 49.1009
1.1877 2 2 54.3453
1.1877 1 3 61.4535
1.1877 2 3 69.3397
1.1893 1 2 49.0856
1.1893 2 2 54.3436
1.1893 1 3 61.4386
1.1893 2 3 69.3436
1.1909 1 2 49.121
1.1909 2 2 54.356
1.1909 1 3 61.4516
1.1909 2 3 69.3477
1.1925 1 2 49.1057
1.1925 2 2 54.349
1.1925 1 3 61.4712
1.1925 2 3 69.3547
1.1941 1 2 49.0924
1.1941 2 2 54.3718
1.1941 1 3 61.4859
1.1941 2 3 69.3357
1.1957 1 2 49.1095
1.1957 2 2 54.3569
1.1957 1 3 61.4658
1.1957 2 3 69.3363
1.1973 1 2 49.1273
1.1973 2 2 54.3781
1.1973 1 3 61.4746
1.1973 2 3 69.3583
1.1989 1 2 49.093
1.1989 2 2 54.3959
1.1989 1 3 61.4826
1.1989 2 3 69.3737
1.2005 1 2 49.1199
1.2005 2 2 54.408
1.2005 1 3 61.453
1.2005 2 3 69.3658
1.2021 1 2 47.9542
1.2021 2 2 49.463
1.2021 1 3 59.3615
1.2021 2 3 70.1477
1.2037 1 2 47.9463
1.2037 2 2 49.4521
1.2037 1 3 59.3692
1.2037 2 3 70.1475
1.2053 1 2 47.9442
1.2053 2 2 49.4634
1.2053 1 3 59.3488
1.2053 2 3 70.1531
1.2069 1 2 47.9145
1.2069 2 2 49.4515
1.2069 1 3 59.3667
1.2069 2 3 70.1425
1.2085 1 2 47.9647
1.2085 2 2 49.4664
1.2085 1 3 59.3428
1.2085 2 3 70.1516
1.2101 1 2 47.9287
1.2101 2 2 49.489
1.2101 1 3 59.3547
1.2101 2 3 70.1663
1.2117 1 2 47.962
1.2117 2 2 49.478
1.2117 1 3 59.3322
1.2117 2 3 70.1665
1.2133 1 2 47.9511
1.2133 2 2 49.4903
1.2133 1 3 59.3451
1.2133 2 3 70.1545
1.2149 1 2 47.9122
1.2149 2 2 49.4899
1.2149 1 3 59.3159
1.2149 2 3 70.1562
1.2165 1 2 47.9245
1.2165 2 2 49.5004
1.2165 1 3 59.3058
1.2165 2 3 70.1686
1.2181 1 2 47.992
1.2181 2 2 49.5065
1.2181 1 3 59.301
1.2181 2 3 70.1751
1.2197 1 2 47.9577
1.2197 2 2 49.491
1.2197 1 3 59.294
1.2197 2 3 70.1928
1.2213 1 2 47.9953
1.2213 2 2 49.517
1.2213 1 3 59.2919
1.2213 2 3 70.1867
1.2229 1 2 47.9815
1.2229 2 2 49.5274
1.2229 1 3 59.2789
1.2229 2 3 70.171
1.2245 1 2 48.0302
1.2245 2 2 49.4986
1.2245 1 3 59.2869
1.2245 2 3 70.1626
1.2261 1 2 48.0073
1.2261 2 2 49.4989
1.2261 1 3 59.2726
1.2261 2 3 70.1931
1.2277 1 2 47.9976
1.2277 2 2 49.5027
1.2277 1 3 59.2544
1.2277 2 3 70.1945
1.2293 1 2 48.046
1.2293 2 2 49.4974
1.2293 1 3 59.2784
1.2293 2 3 70.1907
1.2309 1 2 48.099
1.2309 2 2 49.5008
1.2309 1 3 59.2914
1.2309 2 3 70.1802
1.2325 1 2 48.0131
1.2325 2 2 49.5056
1.2325 1 3 59.2933
1.2325 2 3 70.1926
1.2341 1 2 48.0157
1.2341 2 2 49.525
1.2341 1 3 59.2762
1.2341 2 3 70.1891
1.2357 1 2 48.0372
1.2357 2 2 49.5173
1.2357 1 3 59.2684
1.2357 2 3 70.2086
1.2373 1 2 48.0426
1.2373 2 2 49.4597
1.2373 1 3 59.2844
1.2373 2 3 70.2016
1.2389 1 2 48.0405
1.2389 2 2 49.4892
1.2389 1 3 59.3048
1.2389 2 3 70.2053
1.2405 1 2 48.0427
1.2405 2 2 49.4473
1.2405 1 3 59.304
1.2405 2 3 70.208
1.2421 1 2 48.0528
1.2421 2 2 49.4815
1.2421 1 3 59.3012
1.2421 2 3 70.2291
1.2437 1 2 48.0475
1.2437 2 2 49.4988
1.2437 1 3 59.2854
1.2437 2 3 70.2209
1.2453 1 2 48.0372
1.2453 2 2 49.4989
1.2453 1 3 59.2674
1.2453 2 3 70.224
1.2469 1 2 48.0679
1.2469 2 2 49.4629
1.2469 1 3 59.2766
1.2469 2 3 70.2338
1.2485 1 2 48.0969
1.2485 2 2 49.5078
1.2485 1 3 59.2794
1.2485 2 3 70.2362
1.2501 1 2 48.0278
1.2501 2 2 49.4586
1.2501 1 3 59.2817
1.2501 2 3 70.2403
1.2517 1 2 48.0128
1.2517 2 2 49.4367
1.2517 1 3 59.2781
1.2517 2 3 70.2544
1.2533 1 2 47.9922
1.2533 2 2 49.4683
1.2533 1 3 59.2898
1.2533 2 3 70.2754
1.2549 1 2 48.083
1.2549 2 2 49.494
1.2549 1 3 59.3055
1.2549 2 3 70.2626
1.2565 1 2 48.0269
1.2565 2 2 49.477
1.2565 1 3 59.3213
1.2565 2 3 70.2599
1.2581 1 2 48.0616
1.2581 2 2 49.4385
1.2581 1 3 59.3362
1.2581 2 3 70.2716
1.2597 1 2 48.0098
1.2597 2 2 49.4764
1.2597 1 3 59.3254
1.2597 2 3 70.2723
1.2613 1 2 48.0967
1.2613 2 2 49.4538
1.2613 1 3 59.3092
1.2613 2 3 70.2704
1.2629 1 2 48.0746
1.2629 2 2 49.4445
1.2629 1 3 59.3307
1.2629 2 3 70.2693
1.2645 1 2 48.0951
1.2645 2 2 49.4767
1.2645 1 3 59.3128
1.2645 2 3 70.2824
1.2661 1 2 48.0614
1.2661 2 2 49.4609
1.2661 1 3 59.3241
1.2661 2 3 70.2749
1.2677 1 2 48.0482
1.2677 2 2 49.4746
1.2677 1 3 59.28
1.2677 2 3 70.2538
1.2693 1 2 48.0579
1.2693 2 2 49.47
1.2693 1 3 59.297
1.2693 2 3 70.2595
1.2709 1 2 48.0958
1.2709 2 2 49.4705
1.2709 1 3 59.2907
1.2709 2 3 70.2582
1.2725 1 2 48.0978
1.2725 2 2 49.425
1.2725 1 3 59.27
1.2725 2 3 70.2547
1.2741 1 2 48.057
1.2741 2 2 49.4585
1.2741 1 3 59.2765
1.2741 2 3 70.2481
1.2757 1 2 48.0971
1.2757 2 2 49.4386
1.2757 1 3 59.259
1.2757 2 3 70.2486
1.2773 1 2 48.0203
1.2773 2 2 49.4627
1.2773 1 3 59.2791
1.2773 2 3 70.2474
1.2789 1 2 47.9939
1.2789 2 2 49.4426
1.2789 1 3 59.2892
1.2789 2 3 70.2614
1.2805 1 2 48.031
1.2805 2 2 49.4259
1.2805 1 3 59.3156
1.2805 2 3 70.278
1.2821 1 2 48.0368
1.2821 2 2 49.4721
1.2821 1 3 59.327
1.2821 2 3 70.2837
1.2837 1 2 48.0135
1.2837 2 2 49.4525
1.2837 1 3 59.371
1.2837 2 3 70.3015
1.2853 1 2 48.0009
1.2853 2 2 49.4843
1.2853 1 3 59.4019
1.2853 2 3 70.3075
1.2869 1 2 48.0294
1.2869 2 2 49.4511
1.2869 1 3 59.3987
1.2869 2 3 70.2994
1.2885 1 2 48.042
1.2885 2 2 49.4596
1.2885 1 3 59.4058
1.2885 2 3 70.2977
1.2901 1 2 47.9892
1.2901 2 2 49.4985
1.2901 1 3 59.3813
1.2901 2 3 70.2873
1.2917 1 2 48.0403
1.2917 2 2 49.4649
1.2917 1 3 59.3988
1.2917 2 3 70.2932
1.2933 1 2 48.0743
1.2933 2 2 49.4964
1.2933 1 3 59.3876
1.2933 2 3 70.2988
1.2949 1 2 48.0364
1.2949 2 2 49.5334
1.2949 1 3 59.3939
1.2949 2 3 70.2824
1.2965 1 2 48.0563
1.2965 2 2 49.5218
1.2965 1 3 59.378
1.2965 2 3 70.264
1.2981 1 2 48.0408
1.2981 2 2 49.4868
1.2981 1 3 59.3945
1.2981 2 3 70.2823
1.2997 1 2 48.0422
1.2997 2 2 49.5147
1.2997 1 3 59.3962
1.2997 2 3 70.281
1.3013 1 2 48.0092
1.3013 2 2 49.4984
1.3013 1 3 59.3919
1.3013 2 3 70.271
1.3029 1 2 54.8757
1.3029 2 2 52.4549
1.3029 1 3 62.1439
1.3029 2 3 69.8502
1.3045 1 2 54.866
1.3045 2 2 52.4623
1.3045 1 3 62.1368
1.3045 2 3 69.8532
1.3061 1 2 54.8484
1.3061 2 2 52.4468
1.3061 1 3 62.1263
1.3061 2 3 69.8557
1.3077 1 2 54.8696
1.3077 2 2 52.4543
1.3077 1 3 62.141
1.3077 2 3 69.8625
1.3093 1 2 54.829
1.3093 2 2 52.4502
1.3093 1 3 62.1458
1.3093 2 3 69.8472
1.3109 1 2 54.8234
1.3109 2 2 52.4059
1.3109 1 3 62.1723
1.3109 2 3 69.8336
1.3125 1 2 54.8349
1.3125 2 2 52.43
1.3125 1 3 62.1742
1.3125 2 3 69.866
1.3141 1 2 54.8388
1.3141 2 2 52.4118
1.3141 1 3 62.1662
1.3141 2 3 69.8689
1.3157 1 2 54.8524
1.3157 2 2 52.3889
1.3157 1 3 62.1866
1.3157 2 3 69.8519
1.3173 1 2 54.8408
1.3173 2 2 52.3671
1.3173 1 3 62.1919
1.3173 2 3 69.8508
1.3189 1 2 54.8254
1.3189 2 2 52.373
1.3189 1 3 62.1908
1.3189 2 3 69.8618
1.3205 1 2 54.8386
1.3205 2 2 52.331
1.3205 1 3 62.1807
1.3205 2 3 69.8513
1.3221 1 2 54.8324
1.3221 2 2 52.3498
1.3221 1 3 62.177
1.3221 2 3 69.8455
1.3237 1 2 54.8254
1.3237 2 2 52.3415
1.3237 1 3 62.1937
1.3237 2 3 69.8484
1.3253 1 2 54.8503
1.3253 2 2 52.3614
1.3253 1 3 62.2237
1.3253 2 3 69.849
1.3269 1 2 54.8639
1.3269 2 2 52.3307
1.3269 1 3 62.2357
1.3269 2 3 69.8489
1.3285 1 2 54.8702
1.3285 2 2 52.3468
1.3285 1 3 62.2294
1.3285 2 3 69.8487
1.3301 1 2 54.8428
1.3301 2 2 52.3344
1.3301 1 3 62.2252
1.3301 2 3 69.8417
1.3317 1 2 54.8586
1.3317 2 2 52.326
1.3317 1 3 62.2332
1.3317 2 3 69.8437
1.3333 1 2 54.8412
1.3333 2 2 52.3066
1.3333 1 3 62.2344
1.3333 2 3 69.832
1.3349 1 2 54.8705
1.3349 2 2 52.33
1.3349 1 3 62.2212
1.3349 2 3 69.8315
1.3365 1 2 54.8632
1.3365 2 2 52.3444
1.3365 1 3 62.2402
1.3365 2 3 69.8183
1.3381 1 2 54.8531
1.3381 2 2 52.3239
1.3381 1 3 62.2155
1.3381 2 3 69.8141
1.3397 1 2 54.8556
1.3397 2 2 52.3481
1.3397 1 3 62.2165
1.3397 2 3 69.8348
1.3413 1 2 54.9076
1.3413 2 2 52.3305
1.3413 1 3 62.1994
1.3413 2 3 69.8223
1.3429 1 2 54.9297
1.3429 2 2 52.3675
1.3429 1 3 62.2003
1.3429 2 3 69.837
1.3445 1 2 54.9041
1.3445 2 2 52.3341
1.3445 1 3 62.1925
1.3445 2 3 69.8387
1.3461 1 2 54.8887
1.3461 2 2 52.3531
1.3461 1 3 62.1797
1.3461 2 3 69.8308
1.3477 1 2 54.9079
1.3477 2 2 52.3876
1.3477 1 3 62.1841
1.3477 2 3 69.8246
1.3493 1 2 54.9046
1.3493 2 2 52.3058
1.3493 1 3 62.1774
1.3493 2 3 69.8098
1.3509 1 2 54.9079
1.3509 2 2 52.3187
1.3509 1 3 62.1793
1.3509 2 3 69.8032
1.3525 1 2 54.9035
1.3525 2 2 52.3122
1.3525 1 3 62.1973
1.3525 2 3 69.7961
1.3541 1 2 54.9143
1.3541 2 2 52.3375
1.3541 1 3 62.197
1.3541 2 3 69.7926
1.3557 1 2 54.9237
1.3557 2 2 52.3377
1.3557 1 3 62.188
1.3557 2 3 69.8067
1.3573 1 2 54.9027
1.3573 2 2 52.3242
1.3573 1 3 62.1852
1.3573 2 3 69.8019
1.3589 1 2 54.9055
1.3589 2 2 52.2978
1.3589 1 3 62.1876
1.3589 2 3 69.8183
1.3605 1 2 54.9461
1.3605 2 2 52.3189
1.3605 1 3 62.1812
1.3605 2 3 69.8367
1.3621 1 2 54.9458
1.3621 2 2 52.3032
1.3621 1 3 62.1534
1.3621 2 3 69.8488
1.3637 1 2 54.9289
1.3637 2 2 52.2696
1.3637 1 3 62.1657
1.3637 2 3 69.8534
1.3653 1 2 54.9309
1.3653 2 2 52.3286
1.3653 1 3 62.1806
1.3653 2 3 69.8552
1.3669 1 2 54.8949
1.3669 2 2 52.2773
1.3669 1 3 62.1761
1.3669 2 3 69.8541
1.3685 1 2 54.9137
1.3685 2 2 52.264
1.3685 1 3 62.1683
1.3685 2 3 69.8576
1.3701 1 2 54.914
1.3701 2 2 52.2495
1.3701 1 3 62.1625
1.3701 2 3 69.8413
1.3717 1 2 54.9004
1.3717 2 2 52.293
1.3717 1 3 62.1718
1.3717 2 3 69.8502
1.3733 1 2 54.9135
1.3733 2 2 52.2848
1.3733 1 3 62.1541
1.3733 2 3 69.8616
1.3749 1 2 54.9051
1.3749 2 2 52.3013
1.3749 1 3 62.1884
1.3749 2 3 69.8697
1.3765 1 2 54.9231
1.3765 2 2 52.3023
1.3765 1 3 62.1721
1.3765 2 3 69.859
1.3781 1 2 54.9032
1.3781 2 2 52.2922
1.3781 1 3 62.1755
1.3781 2 3 69.8323
1.3797 1 2 54.9072
1.3797 2 2 52.3049
1.3797 1 3 62.1647
1.3797 2 3 69.8543
1.3813 1 2 54.8945
1.3813 2 2 52.3135
1.3813 1 3 62.1919
1.3813 2 3 69.8458
1.3829 1 2 54.873
1.3829 2 2 52.2892
1.3829 1 3 62.1922
1.3829 2 3 69.8615
1.3845 1 2 54.8647
1.3845 2 2 52.2858
1.3845 1 3 62.2159
1.3845 2 3 69.8435
1.3861 1 2 54.8952
1.3861 2 2 52.2574
1.3861 1 3 62.2004
1.3861 2 3 69.8604
1.3877 1 2 54.8792
1.3877 2 2 52.2545
1.3877 1 3 62.1926
1.3877 2 3 69.872
1.3893 1 2 54.8904
1.3893 2 2 52.2777
1.3893 1 3 62.1945
1.3893 2 3 69.895
1.3909 1 2 54.8764
1.3909 2 2 52.2713
1.3909 1 3 62.19
1.3909 2 3 69.8745
1.3925 1 2 54.8916
1.3925 2 2 52.2697
1.3925 1 3 62.1632
1.3925 2 3 69.8693
1.3941 1 2 54.8999
1.3941 2 2 52.243
1.3941 1 3 62.1607
1.3941 2 3 69.8659
1.3957 1 2 54.8997
1.3957 2 2 52.2542
1.3957 1 3 62.1789
1.3957 2 3 69.8762
1.3973 1 2 54.8975
1.3973 2 2 52.2262
1.3973 1 3 62.169
1.3973 2 3 69.8853
1.3989 1 2 54.8762
1.3989 2 2 52.2047
1.3989 1 3 62.1773
1.3989 2 3 69.8952
1.4005 1 2 54.8648
1.4005 2 2 52.2113
1.4005 1 3 62.17
1.4005 2 3 69.8983
1.4021 1 2 69.0872
1.4021 2 2 66.1128
1.4021 1 3 61.6447
1.4021 2 3 70.9874
1.4037 1 2 69.0883
1.4037 2 2 66.1242
1.4037 1 3 61.6459
1.4037 2 3 70.9958
1.4053 1 2 69.1079
1.4053 2 2 66.1346
1.4053 1 3 61.6231
1.4053 2 3 71.0101
1.4069 1 2 69.1168
1.4069 2 2 66.1123
1.4069 1 3 61.6445
1.4069 2 3 71.0069
1.4085 1 2 69.105
1.4085 2 2 66.113
1.4085 1 3 61.6448
1.4085 2 3 71.0178
1.4101 1 2 69.0977
1.4101 2 2 66.119
1.4101 1 3 61.6733
1.4101 2 3 71.0254
1.4117 1 2 69.0935
1.4117 2 2 66.1316
1.4117 1 3 61.6653
1.4117 2 3 71.0358
1.4133 1 2 69.1083
1.4133 2 2 66.1504
1.4133 1 3 61.6678
1.4133 2 3 71.027
1.4149 1 2 69.1326
1.4149 2 2 66.1456
1.4149 1 3 61.6801
1.4149 2 3 71.0066
1.4165 1 2 69.1156
1.4165 2 2 66.1365
1.4165 1 3 61.6708
1.4165 2 3 71.005
1.4181 1 2 69.106
1.4181 2 2 66.1481
1.4181 1 3 61.665
1.4181 2 3 71.009
1.4197 1 2 69.1005
1.4197 2 2 66.1384
1.4197 1 3 61.6519
1.4197 2 3 71.0129
1.4213 1 2 69.0992
1.4213 2 2 66.1344
1.4213 1 3 61.6302
1.4213 2 3 71.0234
1.4229 1 2 69.0943
1.4229 2 2 66.1148
1.4229 1 3 61.6298
1.4229 2 3 71.0423
1.4245 1 2 69.0776
1.4245 2 2 66.145
1.4245 1 3 61.6348
1.4245 2 3 71.0718
1.4261 1 2 69.0864
1.4261 2 2 66.1373
1.4261 1 3 61.6224
1.4261 2 3 71.069
1.4277 1 2 69.0829
1.4277 2 2 66.1294
1.4277 1 3 61.5936
1.4277 2 3 71.0702
1.4293 1 2 69.1027
1.4293 2 2 66.1463
1.4293 1 3 61.5983
1.4293 2 3 71.0848
1.4309 1 2 69.1104
1.4309 2 2 66.1503
1.4309 1 3 61.585
1.4309 2 3 71.0974
1.4325 1 2 69.1116
1.4325 2 2 66.1549
1.4325 1 3 61.5705
1.4325 2 3 71.0946
1.4341 1 2 69.1093
1.4341 2 2 66.1594
1.4341 1 3 61.5607
1.4341 2 3 71.0954
1.4357 1 2 69.1131
1.4357 2 2 66.1714
1.4357 1 3 61.577
1.4357 2 3 71.089
1.4373 1 2 69.1002
1.4373 2 2 66.1529
1.4373 1 3 61.5664
1.4373 2 3 71.1106
1.4389 1 2 69.1017
1.4389 2 2 66.1735
1.4389 1 3 61.582
1.4389 2 3 71.1324
1.4405 1 2 69.0926
1.4405 2 2 66.1658
1.4405 1 3 61.5812
1.4405 2 3 71.1452
1.4421 1 2 69.099
1.4421 2 2 66.1636
1.4421 1 3 61.5725
1.4421 2 3 71.1323
1.4437 1 2 69.1048
1.4437 2 2 66.1491
1.4437 1 3 61.5825
1.4437 2 3 71.1221
1.4453 1 2 69.1059
1.4453 2 2 66.1481
1.4453 1 3 61.6092
1.4453 2 3 71.1129
1.4469 1 2 69.0867
1.4469 2 2 66.1468
1.4469 1 3 61.5614
1.4469 2 3 71.0971
1.4485 1 2 69.1041
1.4485 2 2 66.1474
1.4485 1 3 61.5731
1.4485 2 3 71.0978
1.4501 1 2 69.0918
1.4501 2 2 66.1526
1.4501 1 3 61.5665
1.4501 2 3 71.0987
1.4517 1 2 69.0817
1.4517 2 2 66.1449
1.4517 1 3 61.5583
1.4517 2 3 71.0999
1.4533 1 2 69.0717
1.4533 2 2 66.1326
1.4533 1 3 61.569
1.4533 2 3 71.0946
1.4549 1 2 69.0856
1.4549 2 2 66.1237
1.4549 1 3 61.5716
1.4549 2 3 71.0784
1.4565 1 2 69.0782
1.4565 2 2 66.1035
1.4565 1 3 61.5773
1.4565 2 3 71.0651
1.4581 1 2 69.0705
1.4581 2 2 66.1022
1.4581 1 3 61.5903
1.4581 2 3 71.0655
1.4597 1 2 69.0902
1.4597 2 2 66.1108
1.4597 1 3 61.5868
1.4597 2 3 71.0799
1.4613 1 2 69.1027
1.4613 2 2 66.0953
1.4613 1 3 61.5635
1.4613 2 3 71.0758
1.4629 1 2 69.1232
1.4629 2 2 66.1034
1.4629 1 3 61.5628
1.4629 2 3 71.0713
1.4645 1 2 69.1367
1.4645 2 2 66.1084
1.4645 1 3 61.5784
1.4645 2 3 71.083
1.4661 1 2 69.1413
1.4661 2 2 66.0964
1.4661 1 3 61.5935
1.4661 2 3 71.0806
1.4677 1 2 69.1614
1.4677 2 2 66.1039
1.4677 1 3 61.5959
1.4677 2 3 71.0754
1.4693 1 2 69.156
1.4693 2 2 66.1094
1.4693 1 3 61.6011
1.4693 2 3 71.075
1.4709 1 2 69.1642
1.4709 2 2 66.1173
1.4709 1 3 61.5918
1.4709 2 3 71.0758
1.4725 1 2 69.172
1.4725 2 2 66.1329
1.4725 1 3 61.6057
1.4725 2 3 71.0558
1.4741 1 2 69.1714
1.4741 2 2 66.1241
1.4741 1 3 61.5801
1.4741 2 3 71.0541
1.4757 1 2 69.1541
1.4757 2 2 66.1195
1.4757 1 3 61.5855
1.4757 2 3 71.044
1.4773 1 2 69.1504
1.4773 2 2 66.1217
1.4773 1 3 61.6122
1.4773 2 3 71.0438
1.4789 1 2 69.1637
1.4789 2 2 66.1108
1.4789 1 3 61.6152
1.4789 2 3 71.0396
1.4805 1 2 69.1602
1.4805 2 2 66.1153
1.4805 1 3 61.6192
1.4805 2 3 71.0364
1.4821 1 2 69.1754
1.4821 2 2 66.116
1.4821 1 3 61.6088
1.4821 2 3 71.0236
1.4837 1 2 69.1925
1.4837 2 2 66.1253
1.4837 1 3 61.6036
1.4837 2 3 71.0117
1.4853 1 2 69.1988
1.4853 2 2 66.1248
1.4853 1 3 61.6216
1.4853 2 3 71.0106
1.4869 1 2 69.1834
1.4869 2 2 66.136
1.4869 1 3 61.6042
1.4869 2 3 71.0249
1.4885 1 2 69.1933
1.4885 2 2 66.1334
1.4885 1 3 61.6048
1.4885 2 3 71.0199
1.4901 1 2 69.1732
1.4901 2 2 66.1461
1.4901 1 3 61.6047
1.4901 2 3 71.0211
1.4917 1 2 69.171
1.4917 2 2 66.1627
1.4917 1 3 61.5862
1.4917 2 3 71.0049
1.4933 1 2 69.1832
1.4933 2 2 66.149
1.4933 1 3 61.5961
1.4933 2 3 71.005
1.4949 1 2 69.1689
1.4949 2 2 66.1606
1.4949 1 3 61.5943
1.4949 2 3 71.0196
1.4965 1 2 69.1685
1.4965 2 2 66.1695
1.4965 1 3 61.5681
1.4965 2 3 71.0166
1.4981 1 2 69.1783
1.4981 2 2 66.1798
1.4981 1 3 61.5684
1.4981 2 3 71.0264
1.4997 1 2 69.1732
1.4997 2 2 66.1456
1.4997 1 3 61.5478
1.4997 2 3 71.0285
1.5013 1 2 69.1801
1.5013 2 2 66.1447
1.5013 1 3 61.5473
1.5013 2 3 71.0202
1.5029 1 2 69.1792
1.5029 2 2 38.8567
1.5029 1 3 61.878
1.5029 2 3 68.1732
1.5045 1 2 69.1807
1.5045 2 2 38.8526
1.5045 1 3 61.8772
1.5045 2 3 68.1751
1.5061 1 2 69.1754
1.5061 2 2 38.8571
1.5061 1 3 61.8724
1.5061 2 3 68.1736
1.5077 1 2 69.1752
1.5077 2 2 38.8397
1.5077 1 3 61.8579
1.5077 2 3 68.1621
1.5093 1 2 69.1592
1.5093 2 2 38.8626
1.5093 1 3 61.8492
1.5093 2 3 68.1524
1.5109 1 2 69.1446
1.5109 2 2 38.76
1.5109 1 3 61.8459
1.5109 2 3 68.143
1.5125 1 2 69.1548
1.5125 2 2 38.8805
1.5125 1 3 61.8377
1.5125 2 3 68.1359
1.5141 1 2 69.1583
1.5141 2 2 38.7971
1.5141 1 3 61.8332
1.5141 2 3 68.1395
1.5157 1 2 69.163
1.5157 2 2 38.8292
1.5157 1 3 61.8454
1.5157 2 3 68.1441
1.5173 1 2 69.1752
1.5173 2 2 38.8258
1.5173 1 3 61.843
1.5173 2 3 68.1532
1.5189 1 2 69.1904
1.5189 2 2 38.9137
1.5189 1 3 61.8375
1.5189 2 3 68.1329
1.5205 1 2 69.2074
1.5205 2 2 38.7032
1.5205 1 3 61.8442
1.5205 2 3 68.1323
1.5221 1 2 69.2146
1.5221 2 2 38.7302
1.5221 1 3 61.8271
1.5221 2 3 68.1307
1.5237 1 2 69.2348
1.5237 2 2 38.9213
1.5237 1 3 61.8093
1.5237 2 3 68.1331
1.5253 1 2 69.237
1.5253 2 2 38.8845
1.5253 1 3 61.7997
1.5253 2 3 68.1296
1.5269 1 2 69.2547
1.5269 2 2 38.759
1.5269 1 3 61.7966
1.5269 2 3 68.1389
1.5285 1 2 69.2643
1.5285 2 2 38.8327
1.5285 1 3 61.798
1.5285 2 3 68.1198
1.5301 1 2 69.2607
1.5301 2 2 38.7478
1.5301 1 3 61.7973
1.5301 2 3 68.1238
1.5317 1 2 69.2751
1.5317 2 2 38.7133
1.5317 1 3 61.8141
1.5317 2 3 68.1446
1.5333 1 2 69.2865
1.5333 2 2 38.7242
1.5333 1 3 61.8134
1.5333 2 3 68.1487
1.5349 1 2 69.3008
1.5349 2 2 38.7573
1.5349 1 3 61.7753
1.5349 2 3 68.1451
1.5365 1 2 69.2883
1.5365 2 2 38.7034
1.5365 1 3 61.7905
1.5365 2 3 68.1555
1.5381 1 2 69.3055
1.5381 2 2 38.6792
1.5381 1 3 61.7775
1.5381 2 3 68.1539
1.5397 1 2 69.3191
1.5397 2 2 38.6964
1.5397 1 3 61.7844
1.5397 2 3 68.1728
1.5413 1 2 69.3181
1.5413 2 2 38.6942
1.5413 1 3 61.7815
1.5413 2 3 68.1701
1.5429 1 2 69.3312
1.5429 2 2 38.8027
1.5429 1 3 61.7731
1.5429 2 3 68.1994
1.5445 1 2 69.3366
1.5445 2 2 38.7643
1.5445 1 3 61.783
1.5445 2 3 68.1892
1.5461 1 2 69.346
1.5461 2 2 38.7499
1.5461 1 3 61.7801
1.5461 2 3 68.2027
1.5477 1 2 69.3373
1.5477 2 2 38.7737
1.5477 1 3 61.8006
1.5477 2 3 68.1942
1.5493 1 2 69.3483
1.5493 2 2 38.8522
1.5493 1 3 61.8097
1.5493 2 3 68.2017
1.5509 1 2 69.343
1.5509 2 2 38.8311
1.5509 1 3 61.8099
1.5509 2 3 68.2147
1.5525 1 2 69.3437
1.5525 2 2 38.7787
1.5525 1 3 61.8253
1.5525 2 3 68.192
1.5541 1 2 69.3524
1.5541 2 2 38.7668
1.5541 1 3 61.8361
1.5541 2 3 68.2156
1.5557 1 2 69.3708
1.5557 2 2 38.7048
1.5557 1 3 61.8234
1.5557 2 3 68.2098
1.5573 1 2 69.3671
1.5573 2 2 38.7777
1.5573 1 3 61.8157
1.5573 2 3 68.2005
1.5589 1 2 69.3923
1.5589 2 2 38.8148
1.5589 1 3 61.8228
1.5589 2 3 68.2114
1.5605 1 2 69.4053
1.5605 2 2 38.8348
1.5605 1 3 61.8343
1.5605 2 3 68.2173
1.5621 1 2 69.4149
1.5621 2 2 38.8591
1.5621 1 3 61.8181
1.5621 2 3 68.2078
1.5637 1 2 69.4082
1.5637 2 2 38.8041
1.5637 1 3 61.818
1.5637 2 3 68.1822
1.5653 1 2 69.4148
1.5653 2 2 38.8023
1.5653 1 3 61.8235
1.5653 2 3 68.1922
1.5669 1 2 69.4181
1.5669 2 2 38.7922
1.5669 1 3 61.8184
1.5669 2 3 68.1831
1.5685 1 2 69.4108
1.5685 2 2 38.7652
1.5685 1 3 61.8232
1.5685 2 3 68.1982
1.5701 1 2 69.4056
1.5701 2 2 38.8092
1.5701 1 3 61.8281
1.5701 2 3 68.1645
1.5717 1 2 69.4
1.5717 2 2 38.8407
1.5717 1 3 61.8202
1.5717 2 3 68.1736
1.5733 1 2 69.4116
1.5733 2 2 38.7974
1.5733 1 3 61.7971
1.5733 2 3 68.1828
1.5749 1 2 69.4009
1.5749 2 2 38.7494
1.5749 1 3 61.8062
1.5749 2 3 68.2078
1.5765 1 2 69.4017
1.5765 2 2 38.721
1.5765 1 3 61.7957
1.5765 2 3 68.206
1.5781 1 2 69.4014
1.5781 2 2 38.8693
1.5781 1 3 61.8129
1.5781 2 3 68.2197
1.5797 1 2 69.3953
1.5797 2 2 38.7147
1.5797 1 3 61.7939
1.5797 2 3 68.2119
1.5813 1 2 69.3943
1.5813 2 2 38.7925
1.5813 1 3 61.7858
1.5813 2 3 68.1907
1.5829 1 2 69.3826
1.5829 2 2 38.8665
1.5829 1 3 61.7817
1.5829 2 3 68.204
1.5845 1 2 69.3637
1.5845 2 2 38.8297
1.5845 1 3 61.7769
1.5845 2 3 68.194
1.5861 1 2 69.3585
1.5861 2 2 38.785
1.5861 1 3 61.7679
1.5861 2 3 68.1972
1.5877 1 2 69.3829
1.5877 2 2 38.8588
1.5877 1 3 61.7429
1.5877 2 3 68.2033
1.5893 1 2 69.3823
1.5893 2 2 38.8562
1.5893 1 3 61.7413
1.5893 2 3 68.1834
1.5909 1 2 69.4113
1.5909 2 2 38.7266
1.5909 1 3 61.7506
1.5909 2 3 68.1955
1.5925 1 2 69.4082
1.5925 2 2 38.8174
1.5925 1 3 61.7369
1.5925 2 3 68.1875
1.5941 1 2 69.3956
1.5941 2 2 38.8017
1.5941 1 3 61.7387
1.5941 2 3 68.1858
1.5957 1 2 69.4053
1.5957 2 2 38.7476
1.5957 1 3 61.7482
1.5957 2 3 68.2037
1.5973 1 2 69.4192
1.5973 2 2 38.888
1.5973 1 3 61.7582
1.5973 2 3 68.2042
1.5989 1 2 69.4302
1.5989 2 2 38.7268
1.5989 1 3 61.7765
1.5989 2 3 68.2048
1.6005 1 2 69.4399
1.6005 2 2 38.8246
1.6005 1 3 61.7916
1.6005 2 3 68.2102
1.6021 1 2 68.317
1.6021 2 2 66.1766
1.6021 1 3 58.7716
1.6021 2 3 68.2248
1.6037 1 2 68.3092
1.6037 2 2 66.2012
1.6037 1 3 58.756
1.6037 2 3 69.8437
1.6053 1 2 68.3062
1.6053 2 2 66.1938
1.6053 1 3 58.778
1.6053 2 3 69.8589
1.6069 1 2 68.3237
1.6069 2 2 66.189
1.6069 1 3 58.7516
1.6069 2 3 69.8585
1.6085 1 2 68.351
1.6085 2 2 66.1972
1.6085 1 3 58.7555
1.6085 2 3 69.8558
1.6101 1 2 68.3505
1.6101 2 2 66.2038
1.6101 1 3 58.7743
1.6101 2 3 69.8628
1.6117 1 2 68.3345
1.6117 2 2 66.2097
1.6117 1 3 58.7373
1.6117 2 3 69.8547
1.6133 1 2 68.3366
1.6133 2 2 66.2165
1.6133 1 3 58.7446
1.6133 2 3 69.8415
1.6149 1 2 68.3351
1.6149 2 2 66.1859
1.6149 1 3 58.7225
1.6149 2 3 69.8422
1.6165 1 2 68.3416
1.6165 2 2 66.2093
1.6165 1 3 58.7248
1.6165 2 3 69.8318
1.6181 1 2 68.3366
1.6181 2 2 66.2189
1.6181 1 3 58.7013
1.6181 2 3 69.8271
1.6197 1 2 68.3414
1.6197 2 2 66.1964
1.6197 1 3 58.7135
1.6197 2 3 69.8234
1.6213 1 2 68.3295
1.6213 2 2 66.1947
1.6213 1 3 58.6923
1.6213 2 3 69.8245
1.6229 1 2 68.322
1.6229 2 2 66.1735
1.6229 1 3 58.7021
1.6229 2 3 69.8371
1.6245 1 2 68.3068
1.6245 2 2 66.1666
1.6245 1 3 58.7103
1.6245 2 3 69.8274
1.6261 1 2 68.3063
1.6261 2 2 66.1661
1.6261 1 3 58.7004
1.6261 2 3 69.8383
1.6277 1 2 68.2999
1.6277 2 2 66.174
1.6277 1 3 58.7008
1.6277 2 3 69.8497
1.6293 1 2 68.3018
1.6293 2 2 66.1807
1.6293 1 3 58.7173
1.6293 2 3 69.8495
1.6309 1 2 68.2866
1.6309 2 2 66.1837
1.6309 1 3 58.6942
1.6309 2 3 69.8592
1.6325 1 2 68.2877
1.6325 2 2 66.1792
1.6325 1 3 58.6988
1.6325 2 3 69.8663
1.6341 1 2 68.2676
1.6341 2 2 66.1685
1.6341 1 3 58.7141
1.6341 2 3 69.8856
1.6357 1 2 68.2434
1.6357 2 2 66.1661
1.6357 1 3 58.7193
1.6357 2 3 69.9052
1.6373 1 2 68.2663
1.6373 2 2 66.1578
1.6373 1 3 58.6935
1.6373 2 3 69.9052
1.6389 1 2 68.2554
1.6389 2 2 66.1538
1.6389 1 3 58.6885
1.6389 2 3 69.8982
1.6405 1 2 68.2462
1.6405 2 2 66.1812
1.6405 1 3 58.6933
1.6405 2 3 69.9014
1.6421 1 2 68.2475
1.6421 2 2 66.1889
1.6421 1 3 58.6756
1.6421 2 3 69.9217
1.6437 1 2 68.2494
1.6437 2 2 66.1778
1.6437 1 3 58.6675
1.6437 2 3 69.9289
1.6453 1 2 68.2578
1.6453 2 2 66.1991
1.6453 1 3 58.6668
1.6453 2 3 69.9315
1.6469 1 2 68.2919
1.6469 2 2 66.1746
1.6469 1 3 58.6869
1.6469 2 3 69.9596
1.6485 1 2 68.3089
1.6485 2 2 66.1737
1.6485 1 3 58.6803
1.6485 2 3 69.9471
1.6501 1 2 68.3201
1.6501 2 2 66.1532
1.6501 1 3 58.6924
1.6501 2 3 69.9325
1.6517 1 2 68.3211
1.6517 2 2 66.1732
1.6517 1 3 58.7002
1.6517 2 3 69.919
1.6533 1 2 68.3219
1.6533 2 2 66.1869
1.6533 1 3 58.7074
1.6533 2 3 69.925
1.6549 1 2 68.3123
1.6549 2 2 66.1958
1.6549 1 3 58.7222
1.6549 2 3 69.9219
1.6565 1 2 68.3163
1.6565 2 2 66.189
1.6565 1 3 58.7122
1.6565 2 3 69.9393
1.6581 1 2 68.3245
1.6581 2 2 66.2058
1.6581 1 3 58.707
1.6581 2 3 69.9508
1.6597 1 2 68.3186
1.6597 2 2 66.2121
1.6597 1 3 58.6708
1.6597 2 3 69.9356
1.6613 1 2 68.3282
1.6613 2 2 66.1972
1.6613 1 3 58.6993
1.6613 2 3 69.9423
1.6629 1 2 68.3266
1.6629 2 2 66.185
1.6629 1 3 58.714
1.6629 2 3 69.9466
1.6645 1 2 68.3281
1.6645 2 2 66.1979
1.6645 1 3 58.7061
1.6645 2 3 69.9527
1.6661 1 2 68.3564
1.6661 2 2 66.1958
1.6661 1 3 58.7062
1.6661 2 3 69.951
1.6677 1 2 68.3479
1.6677 2 2 66.2113
1.6677 1 3 58.7142
1.6677 2 3 69.9538
1.6693 1 2 68.356
1.6693 2 2 66.2188
1.6693 1 3 58.7268
1.6693 2 3 69.9505
1.6709 1 2 68.3683
1.6709 2 2 66.2333
1.6709 1 3 58.7404
1.6709 2 3 69.947
1.6725 1 2 68.3922
1.6725 2 2 66.2441
1.6725 1 3 58.7239
1.6725 2 3 69.9382
1.6741 1 2 68.3908
1.6741 2 2 66.2479
1.6741 1 3 58.7111
1.6741 2 3 69.9363
1.6757 1 2 68.3957
1.6757 2 2 66.2672
1.6757 1 3 58.6955
1.6757 2 3 69.9168
1.6773 1 2 68.4032
1.6773 2 2 66.2542
1.6773 1 3 58.7071
1.6773 2 3 69.896
1.6789 1 2 68.4199
1.6789 2 2 66.266
1.6789 1 3 58.6935
1.6789 2 3 69.9212
1.6805 1 2 68.4183
1.6805 2 2 66.2596
1.6805 1 3 58.6817
1.6805 2 3 69.929
1.6821 1 2 68.4249
1.6821 2 2 66.2443
1.6821 1 3 58.6632
1.6821 2 3 69.9496
1.6837 1 2 68.4517
1.6837 2 2 66.2776
1.6837 1 3 58.654
1.6837 2 3 69.9643
1.6853 1 2 68.4486
1.6853 2 2 66.2908
1.6853 1 3 58.6586
1.6853 2 3 69.9797
