0.125832	2500
0.125832	2500
0.125832	2500
0.125832	2500
0.125832	2500
0.125832	2500
0.125832	2500
0.125832	2500
0.125832	2500
0.125886	2500
0.149832	2500
0.149832	2500
0.149832	2500
0.149832	2500
0.149832	2500
0.149832	2500
0.149832	2500
0.149832	2500
0.149832	2500
0.149832	2500
0.150082	2500
0.150082	2500
0.150082	2500
0.150082	2500
0.150082	2500
0.150082	2500
0.150082	2500
0.150082	2500
0.150082	2500
0.150082	2500
0.173832	2500
0.173832	2500
0.173832	2500
0.173832	2500
0.173832	2500
0.173832	2500
0.173832	2500
0.173832	2500
0.173832	2500
0.173832	2500
0.174082	2500
0.174082	2500
0.174082	2500
0.174082	2500
0.174082	2500
0.174082	2500
0.174082	2500
0.174082	2500
0.174082	2500
0.174082	2500
0.174314	2500
0.174314	2500
0.174314	2500
0.174314	2500
0.174314	2500
0.174314	2500
0.174314	2500
0.174314	2500
0.174314	2500
0.197832	2500
0.197832	2500
0.197832	2500
0.197832	2500
0.197832	2500
0.197832	2500
0.197832	2500
0.197832	2500
0.197832	2500
0.197832	2500
0.198082	2500
0.198082	2500
0.198082	2500
0.198082	2500
0.198082	2500
0.198082	2500
0.198082	2500
0.198082	2500
0.198082	2500
0.198082	2500
0.198332	2500
0.198332	2500
0.198332	2500
0.198332	2500
0.198332	2500
0.198332	2500
0.198332	2500
0.198332	2500
0.198332	2500
0.198332	2500
0.198386	2500
0.221832	2500
0.221832	2500
0.221832	2500
0.221832	2500
0.221832	2500
0.221832	2500
0.221832	2500
0.221832	2500
0.221832	2500
0.221832	2500
0.222082	2500
0.222082	2500
0.222082	2500
0.222082	2500
0.222082	2500
0.222082	2500
0.222082	2500
0.222082	2500
0.222082	2500
0.222082	2500
0.222332	2500
0.222332	2500
0.222332	2500
0.222332	2500
0.222332	2500
0.222332	2500
0.222332	2500
0.222332	2500
0.222332	2500
0.222332	2500
0.222421	2500
0.222421	2500
0.245832	2500
0.245832	2500
0.245832	2500
0.245832	2500
0.245832	2500
0.245832	2500
0.245832	2500
0.245832	2500
0.245832	2500
0.245832	2500
0.246082	2500
0.246082	2500
0.246082	2500
0.246082	2500
0.246082	2500
0.246082	2500
0.246082	2500
0.246082	2500
0.246082	2500
0.246082	2500
0.246332	2500
0.246332	2500
0.246332	2500
0.246332	2500
0.246332	2500
0.246332	2500
0.246332	2500
0.246332	2500
0.246332	2500
0.246332	2500
0.246457	2500
0.246457	2500
0.246457	2500
0.246457	2500
0.269832	2500
0.269832	2500
0.269832	2500
0.269832	2500
0.269832	2500
0.269832	2500
0.269832	2500
0.269832	2500
0.269832	2500
0.269832	2500
0.270082	2500
0.270082	2500
0.270082	2500
0.270082	2500
0.270082	2500
0.270082	2500
0.270082	2500
0.270082	2500
0.270082	2500
0.270082	2500
0.270332	2500
0.270332	2500
0.270332	2500
0.270332	2500
0.270332	2500
0.270332	2500
0.270332	2500
0.270332	2500
0.270332	2500
0.270332	2500
0.270475	2500
0.270475	2500
0.270475	2500
0.270475	2500
0.270475	2500
0.293832	2500
0.293832	2500
0.293832	2500
0.293832	2500
0.293832	2500
0.293832	2500
0.293832	2500
0.293832	2500
0.293832	2500
0.293832	2500
0.294082	2500
0.294082	2500
0.294082	2500
0.294082	2500
0.294082	2500
0.294082	2500
0.294082	2500
0.294082	2500
0.294082	2500
0.294082	2500
0.294332	2500
0.294332	2500
0.294332	2500
0.294332	2500
0.294332	2500
0.294332	2500
0.294332	2500
0.294332	2500
0.294332	2500
0.294332	2500
0.294529	2500
0.294529	2500
0.294529	2500
0.294529	2500
0.294529	2500
0.294529	2500
0.294529	2500
0.298082	2500
0.298082	2500
0.298082	2500
0.298082	2500
0.298082	2500
0.298082	2500
0.298082	2500
0.298082	2500
0.298082	2500
0.298082	2500
0.298332	2500
0.298332	2500
0.298332	2500
0.298332	2500
0.298332	2500
0.298332	2500
0.298332	2500
0.298332	2500
0.298332	2500
0.298332	2500
0.298582	2500
0.298582	2500
0.298582	2500
0.298582	2500
0.298582	2500
0.298582	2500
0.298582	2500
0.298582	2500
0.298582	2500
0.298582	2500
0.298671	2500
0.298671	2500
0.302029	2500
0.302029	2500
0.302029	2500
0.302029	2500
0.302029	2500
0.302029	2500
0.302029	2500
0.306082	2500
0.306082	2500
0.306082	2500
0.306082	2500
0.306082	2500
0.306082	2500
0.306082	2500
0.306082	2500
0.306082	2500
0.306082	2500
0.306332	2500
0.306332	2500
0.306332	2500
0.306332	2500
0.306332	2500
0.306332	2500
0.306332	2500
0.306332	2500
0.306332	2500
0.306332	2500
0.306582	2500
0.306582	2500
0.306582	2500
0.306582	2500
0.306582	2500
0.306582	2500
0.306582	2500
0.306582	2500
0.306582	2500
0.306582	2500
0.306725	2500
0.306725	2500
0.306725	2500
0.306725	2500
0.310029	2500
0.310029	2500
0.310029	2500
0.310029	2500
0.310029	2500
0.310029	2500
0.310029	2500
0.314082	2500
0.314082	2500
0.314082	2500
0.314082	2500
0.314082	2500
0.314082	2500
0.314082	2500
0.314082	2500
0.314082	2500
0.314082	2500
0.314332	2500
0.314332	2500
0.314332	2500
0.314332	2500
0.314332	2500
0.314332	2500
0.314332	2500
0.314332	2500
0.314332	2500
0.314332	2500
0.314582	2500
0.314582	2500
0.314582	2500
0.314582	2500
0.314582	2500
0.314582	2500
0.314582	2500
0.314582	2500
0.314582	2500
0.314582	2500
0.314761	2500
0.314761	2500
0.314761	2500
0.314761	2500
0.314761	2500
0.314761	2500
0.318029	2500
0.318029	2500
0.318029	2500
0.318029	2500
0.318029	2500
0.318029	2500
0.318029	2500
0.322082	2500
0.322082	2500
0.322082	2500
0.322082	2500
0.322082	2500
0.322082	2500
0.322082	2500
0.322082	2500
0.322082	2500
0.322082	2500
0.322332	2500
0.322332	2500
0.322332	2500
0.322332	2500
0.322332	2500
0.322332	2500
0.322332	2500
0.322332	2500
0.322332	2500
0.322332	2500
0.322582	2500
0.322582	2500
0.322582	2500
0.322582	2500
0.322582	2500
0.322582	2500
0.322582	2500
0.322582	2500
0.322582	2500
0.322582	2500
0.322814	2500
0.322814	2500
0.322814	2500
0.322814	2500
0.322814	2500
0.322814	2500
0.322814	2500
0.322814	2500
0.326029	2500
0.326029	2500
0.326029	2500
0.326029	2500
0.326029	2500
0.326029	2500
0.326029	2500
0.326332	2500
0.326332	2500
0.326332	2500
0.326332	2500
0.326332	2500
0.326332	2500
0.326332	2500
0.326332	2500
0.326332	2500
0.326332	2500
0.326582	2500
0.326582	2500
0.326582	2500
0.326582	2500
0.326582	2500
0.326582	2500
0.326582	2500
0.326582	2500
0.326582	2500
0.326582	2500
0.326832	2500
0.326832	2500
0.326832	2500
0.326832	2500
0.326832	2500
0.326832	2500
0.326832	2500
0.326832	2500
0.326832	2500
0.326832	2500
0.326921	2500
0.326921	2500
0.330046	2500
0.330046	2500
0.330046	2500
0.330046	2500
0.330046	2500
0.330046	2500
0.330046	2500
0.330046	2500
0.330332	2500
0.330332	2500
0.330332	2500
0.330332	2500
0.330332	2500
0.330332	2500
0.330332	2500
0.330332	2500
0.330332	2500
0.330332	2500
0.330582	2500
0.330582	2500
0.330582	2500
0.330582	2500
0.330582	2500
0.330582	2500
0.330582	2500
0.330582	2500
0.330582	2500
0.330582	2500
0.330796	2500
0.330796	2500
0.330796	2500
0.330796	2500
0.330796	2500
0.330796	2500
0.330796	2500
0.330796	2500
0.334082	2500
0.334082	2500
0.334082	2500
0.334082	2500
0.334082	2500
0.334082	2500
0.334082	2500
0.334082	2500
0.334082	2500
0.334082	2500
0.334332	2500
0.334332	2500
0.334332	2500
0.334332	2500
0.334332	2500
0.334332	2500
0.334332	2500
0.334332	2500
0.334332	2500
0.334332	2500
0.334582	2500
0.334582	2500
0.334582	2500
0.334582	2500
0.334582	2500
0.334582	2500
0.334582	2500
0.334582	2500
0.334582	2500
0.334582	2500
0.334832	2500
0.334832	2500
0.334832	2500
0.334832	2500
0.334832	2500
0.334832	2500
0.334832	2500
0.334832	2500
0.334832	2500
0.334832	2500
0.334921	2500
0.334921	2500
0.338064	2500
0.338064	2500
0.338064	2500
0.338064	2500
0.338064	2500
0.338064	2500
0.338064	2500
0.338064	2500
0.338064	2500
0.338332	2500
0.338332	2500
0.338332	2500
0.338332	2500
0.338332	2500
0.338332	2500
0.338332	2500
0.338332	2500
0.338332	2500
0.338332	2500
0.338582	2500
0.338582	2500
0.338582	2500
0.338582	2500
0.338582	2500
0.338582	2500
0.338582	2500
0.338582	2500
0.338582	2500
0.338582	2500
0.338832	2500
0.338832	2500
0.338832	2500
0.338832	2500
0.338832	2500
0.338832	2500
0.338832	2500
0.338832	2500
0.338832	2500
0.338832	2500
0.338904	2500
0.342082	2500
0.342082	2500
0.342082	2500
0.342082	2500
0.342082	2500
0.342082	2500
0.342082	2500
0.342082	2500
0.342082	2500
0.342082	2500
0.342332	2500
0.342332	2500
0.342332	2500
0.342332	2500
0.342332	2500
0.342332	2500
0.342332	2500
0.342332	2500
0.342332	2500
0.342332	2500
0.342582	2500
0.342582	2500
0.342582	2500
0.342582	2500
0.342582	2500
0.342582	2500
0.342582	2500
0.342582	2500
0.342582	2500
0.342582	2500
0.342832	2500
0.342832	2500
0.342832	2500
0.342832	2500
0.342832	2500
0.342832	2500
0.342832	2500
0.342832	2500
0.342832	2500
0.342832	2500
0.342957	2500
0.342957	2500
0.342957	2500
0.346082	2500
0.346082	2500
0.346082	2500
0.346082	2500
0.346082	2500
0.346082	2500
0.346082	2500
0.346082	2500
0.346082	2500
0.346082	2500
0.346332	2500
0.346332	2500
0.346332	2500
0.346332	2500
0.346332	2500
0.346332	2500
0.346332	2500
0.346332	2500
0.346332	2500
0.346332	2500
0.346582	2500
0.346582	2500
0.346582	2500
0.346582	2500
0.346582	2500
0.346582	2500
0.346582	2500
0.346582	2500
0.346582	2500
0.346582	2500
0.346832	2500
0.346832	2500
0.346832	2500
0.346832	2500
0.346832	2500
0.346832	2500
0.346832	2500
0.346832	2500
0.346832	2500
0.346832	2500
0.346957	2500
0.346957	2500
0.346957	2500
0.350082	2500
0.350082	2500
0.350082	2500
0.350082	2500
0.350082	2500
0.350082	2500
0.350082	2500
0.350082	2500
0.350082	2500
0.350082	2500
0.350332	2500
0.350332	2500
0.350332	2500
0.350332	2500
0.350332	2500
0.350332	2500
0.350332	2500
0.350332	2500
0.350332	2500
0.350332	2500
0.350582	2500
0.350582	2500
0.350582	2500
0.350582	2500
0.350582	2500
0.350582	2500
0.350582	2500
0.350582	2500
0.350582	2500
0.350582	2500
0.350832	2500
0.350832	2500
0.350832	2500
0.350832	2500
0.350832	2500
0.350832	2500
0.350832	2500
0.350832	2500
0.350832	2500
0.350832	2500
0.351011	2500
0.351011	2500
0.351011	2500
0.351011	2500
0.351011	2500
0.351011	2500
0.354082	2500
0.354082	2500
0.354082	2500
0.354082	2500
0.354082	2500
0.354082	2500
0.354082	2500
0.354082	2500
0.354082	2500
0.354082	2500
0.354332	2500
0.354332	2500
0.354332	2500
0.354332	2500
0.354332	2500
0.354332	2500
0.354332	2500
0.354332	2500
0.354332	2500
0.354332	2500
0.354582	2500
0.354582	2500
0.354582	2500
0.354582	2500
0.354582	2500
0.354582	2500
0.354582	2500
0.354582	2500
0.354582	2500
0.354582	2500
0.354832	2500
0.354832	2500
0.354832	2500
0.354832	2500
0.354832	2500
0.354832	2500
0.354832	2500
0.354832	2500
0.354832	2500
0.354832	2500
0.354993	2500
0.354993	2500
0.354993	2500
0.354993	2500
0.354993	2500
0.358082	2500
0.358082	2500
0.358082	2500
0.358082	2500
0.358082	2500
0.358082	2500
0.358082	2500
0.358082	2500
0.358082	2500
0.358082	2500
0.358332	2500
0.358332	2500
0.358332	2500
0.358332	2500
0.358332	2500
0.358332	2500
0.358332	2500
0.358332	2500
0.358332	2500
0.358332	2500
0.358582	2500
0.358582	2500
0.358582	2500
0.358582	2500
0.358582	2500
0.358582	2500
0.358582	2500
0.358582	2500
0.358582	2500
0.358582	2500
0.358832	2500
0.358832	2500
0.358832	2500
0.358832	2500
0.358832	2500
0.358832	2500
0.358832	2500
0.358832	2500
0.358832	2500
0.358832	2500
0.359064	2500
0.359064	2500
0.359064	2500
0.359064	2500
0.359064	2500
0.359064	2500
0.359064	2500
0.359064	2500
0.362082	2500
0.362082	2500
0.362082	2500
0.362082	2500
0.362082	2500
0.362082	2500
0.362082	2500
0.362082	2500
0.362082	2500
0.362082	2500
0.362332	2500
0.362332	2500
0.362332	2500
0.362332	2500
0.362332	2500
0.362332	2500
0.362332	2500
0.362332	2500
0.362332	2500
0.362332	2500
0.362582	2500
0.362582	2500
0.362582	2500
0.362582	2500
0.362582	2500
0.362582	2500
0.362582	2500
0.362582	2500
0.362582	2500
0.362582	2500
0.362832	2500
0.362832	2500
0.362832	2500
0.362832	2500
0.362832	2500
0.362832	2500
0.362832	2500
0.362832	2500
0.362832	2500
0.362832	2500
0.363082	2500
0.363082	2500
0.363082	2500
0.363082	2500
0.363082	2500
0.363082	2500
0.363082	2500
0.363082	2500
0.363082	2500
0.363082	2500
0.363314	2500
0.363314	2500
0.363314	2500
0.363314	2500
0.363314	2500
0.363314	2500
0.363314	2500
0.363314	2500
0.366296	2500
0.366296	2500
0.366296	2500
0.366296	2500
0.366296	2500
0.366296	2500
0.366296	2500
0.366296	2500
0.366582	2500
0.366582	2500
0.366582	2500
0.366582	2500
0.366582	2500
0.366582	2500
0.366582	2500
0.366582	2500
0.366582	2500
0.366582	2500
0.366832	2500
0.366832	2500
0.366832	2500
0.366832	2500
0.366832	2500
0.366832	2500
0.366832	2500
0.366832	2500
0.366832	2500
0.366832	2500
0.367082	2500
0.367082	2500
0.367082	2500
0.367082	2500
0.367082	2500
0.367082	2500
0.367082	2500
0.367082	2500
0.367082	2500
0.367082	2500
0.367332	2500
0.367332	2500
0.367332	2500
0.367332	2500
0.367332	2500
0.367332	2500
0.367332	2500
0.367332	2500
0.367332	2500
0.367332	2500
0.367564	2500
0.367564	2500
0.367564	2500
0.367564	2500
0.367564	2500
0.367564	2500
0.367564	2500
0.367564	2500
0.367564	2500
0.367725	2500
0.367725	2500
0.367725	2500
0.367725	2500
0.370546	2500
0.370546	2500
0.370546	2500
0.370546	2500
0.370546	2500
0.370546	2500
0.370546	2500
0.370546	2500
0.370832	2500
0.370832	2500
0.370832	2500
0.370832	2500
0.370832	2500
0.370832	2500
0.370832	2500
0.370832	2500
0.370832	2500
0.370832	2500
0.371082	2500
0.371082	2500
0.371082	2500
0.371082	2500
0.371082	2500
0.371082	2500
0.371082	2500
0.371082	2500
0.371082	2500
0.371082	2500
0.371332	2500
0.371332	2500
0.371332	2500
0.371332	2500
0.371332	2500
0.371332	2500
0.371332	2500
0.371332	2500
0.371332	2500
0.371332	2500
0.371582	2500
0.371582	2500
0.371582	2500
0.371582	2500
0.371582	2500
0.371582	2500
0.371582	2500
0.371582	2500
0.371582	2500
0.371582	2500
0.371814	2500
0.371814	2500
0.371814	2500
0.371814	2500
0.371814	2500
0.371814	2500
0.371814	2500
0.371814	2500
0.371814	2500
0.371904	2500
0.374832	2500
0.374832	2500
0.374832	2500
0.374832	2500
0.374832	2500
0.374832	2500
0.374832	2500
0.374832	2500
0.374832	2500
0.374832	2500
0.375082	2500
0.375082	2500
0.375082	2500
0.375082	2500
0.375082	2500
0.375082	2500
0.375082	2500
0.375082	2500
0.375082	2500
0.375082	2500
0.375332	2500
0.375332	2500
0.375332	2500
0.375332	2500
0.375332	2500
0.375332	2500
0.375332	2500
0.375332	2500
0.375332	2500
0.375332	2500
0.375582	2500
0.375582	2500
0.375582	2500
0.375582	2500
0.375582	2500
0.375582	2500
0.375582	2500
0.375582	2500
0.375582	2500
0.375582	2500
0.375832	2500
0.375832	2500
0.375832	2500
0.375832	2500
0.375832	2500
0.375832	2500
0.375832	2500
0.375832	2500
0.375832	2500
0.375832	2500
0.376064	2500
0.376064	2500
0.376064	2500
0.376064	2500
0.376064	2500
0.376064	2500
0.376064	2500
0.376064	2500
0.376064	2500
0.376243	2500
0.376243	2500
0.376243	2500
0.376243	2500
0.376243	2500
