DL/UL	time	frame	subF	slot	1stSym	symbol#	cellId	rnti	ccId	tbSize	mcs	rv	SINR(dB)	corrupt	TBler
UL	0.800982	80	0	3	1	12	2	1	0	1094	0	0	19.3379 	0	0
UL	0.800982	80	0	3	1	12	3	1	0	1094	0	0	50.9201 	0	0
UL	0.801232	80	1	0	1	12	2	1	0	1094	0	0	23.603 	0	0
UL	0.801232	80	1	0	1	12	3	1	0	1094	0	0	45.4858 	0	0
UL	0.801482	80	1	1	1	12	2	1	0	1094	0	0	23.5991 	0	0
UL	0.801482	80	1	1	1	12	3	1	0	1094	0	0	45.4508 	0	0
DL	0.801786	80	1	3	1	1	2	1	0	88	0	0	35.4614	0	0
DL	0.801786	80	1	3	1	1	3	1	0	88	0	0	18.4148	0	0
DL	0.912393	91	2	1	1	7	2	1	0	639	0	0	31.3847	0	0
DL	0.912393	91	2	1	1	7	3	1	0	639	0	0	34.3222	0	0
UL	0.913536	91	3	2	1	1	2	1	0	88	0	0	42.1348 	0	0
UL	0.913536	91	3	2	1	1	3	1	0	88	0	0	35.3463 	0	0
UL	0.917732	91	7	2	1	12	2	1	0	25523	28	0	68.9713 	0	0
UL	0.917982	91	7	3	1	12	2	1	0	25523	28	0	68.9607 	0	0
UL	0.918232	91	8	0	1	12	2	1	0	25523	28	0	68.9627 	0	0
UL	0.918482	91	8	1	1	12	2	1	0	25523	28	0	68.9596 	0	0
DL	0.918536	91	8	2	1	1	2	1	0	2126	28	0	46.0812	0	0
UL	0.918732	91	8	2	2	11	2	1	0	23396	28	0	68.9656 	0	0
UL	0.918982	91	8	3	1	12	2	1	0	25523	28	0	68.9689 	0	0
UL	0.919232	91	9	0	1	12	2	1	0	25523	28	0	68.9709 	0	0
UL	0.919482	91	9	1	1	12	2	1	0	25523	28	0	68.9778 	0	0
UL	0.919732	91	9	2	1	12	2	1	0	25523	28	0	68.9724 	0	0
DL	0.919786	91	9	3	1	1	2	1	0	2126	28	0	46.095	0	0
UL	0.919982	91	9	3	2	11	2	1	0	23396	28	0	68.9778 	0	0
UL	0.920232	92	0	0	1	12	2	1	0	25523	28	0	68.9737 	0	0
UL	0.920482	92	0	1	1	12	2	1	0	25523	28	0	68.9665 	0	0
UL	0.920732	92	0	2	1	12	2	1	0	25523	28	0	68.9717 	0	0
UL	0.920982	92	0	3	1	12	2	1	0	25523	28	0	68.9719 	0	0
DL	0.921036	92	1	0	1	1	2	1	0	2126	28	0	46.0957	0	0
UL	0.921232	92	1	0	2	11	2	1	0	23396	28	0	68.9775 	0	0
UL	0.921482	92	1	1	1	12	2	1	0	25523	28	0	68.9737 	0	0
UL	0.921732	92	1	2	1	12	2	1	0	25523	28	0	68.9691 	0	0
UL	0.921982	92	1	3	1	12	2	1	0	25523	28	0	68.9717 	0	0
UL	0.922232	92	2	0	1	12	2	1	0	25523	28	0	68.9699 	0	0
DL	0.922286	92	2	1	1	1	2	1	0	2126	28	0	46.0817	0	0
UL	0.922482	92	2	1	2	11	2	1	0	23396	28	0	68.9656 	0	0
UL	0.922732	92	2	2	1	12	2	1	0	25523	28	0	68.9579 	0	0
UL	0.922982	92	2	3	1	12	2	1	0	25523	28	0	68.951 	0	0
UL	0.923232	92	3	0	1	12	2	1	0	25523	28	0	68.9533 	0	0
UL	0.923357	92	3	1	1	5	2	1	0	10634	28	0	68.9571 	0	0
DL	0.923536	92	3	2	1	1	2	1	0	2126	28	0	46.0734	0	0
UL	0.923732	92	3	2	1	12	3	1	0	25523	28	0	68.736 	0	0
UL	0.923982	92	3	3	1	12	3	1	0	25523	28	0	68.7357 	0	0
UL	0.924232	92	4	0	1	12	3	1	0	25523	28	0	68.7435 	0	0
UL	0.924482	92	4	1	1	12	3	1	0	25523	28	0	68.7424 	0	0
DL	0.924536	92	4	2	1	1	3	1	0	2126	28	0	46.1726	0	0
UL	0.924732	92	4	2	2	11	3	1	0	23396	28	0	68.7364 	0	0
UL	0.924982	92	4	3	1	12	3	1	0	25523	28	0	68.7334 	0	0
UL	0.925232	92	5	0	1	12	3	1	0	25523	28	0	68.7317 	0	0
UL	0.925482	92	5	1	1	12	3	1	0	25523	28	0	68.7312 	0	0
UL	0.925732	92	5	2	1	12	3	1	0	25523	28	0	68.7241 	0	0
DL	0.925786	92	5	3	1	1	3	1	0	2126	28	0	46.1595	0	0
UL	0.925982	92	5	3	2	11	3	1	0	23396	28	0	68.7229 	0	0
UL	0.926232	92	6	0	1	12	3	1	0	25523	28	0	68.7231 	0	0
UL	0.926482	92	6	1	1	12	3	1	0	25523	28	0	68.7281 	0	0
UL	0.926732	92	6	2	1	12	3	1	0	25523	28	0	68.732 	0	0
UL	0.926982	92	6	3	1	12	3	1	0	25523	28	0	68.7325 	0	0
DL	0.927036	92	7	0	1	1	3	1	0	2126	28	0	46.1694	0	0
UL	0.927232	92	7	0	2	11	3	1	0	23396	28	0	68.7335 	0	0
UL	0.927482	92	7	1	1	12	3	1	0	25523	28	0	68.7337 	0	0
UL	0.927732	92	7	2	1	12	3	1	0	25523	28	0	68.7314 	0	0
UL	0.927982	92	7	3	1	12	3	1	0	25523	28	0	68.7318 	0	0
UL	0.928232	92	8	0	1	12	3	1	0	25523	28	0	68.7325 	0	0
DL	0.928286	92	8	1	1	1	3	1	0	2126	28	0	46.169	0	0
UL	0.928482	92	8	1	2	11	3	1	0	23396	28	0	68.7335 	0	0
UL	0.928732	92	8	2	1	12	3	1	0	25523	28	0	68.7289 	0	0
UL	0.928982	92	8	3	1	12	3	1	0	25523	28	0	68.7298 	0	0
UL	0.929232	92	9	0	1	12	3	1	0	25523	28	0	68.7385 	0	0
UL	0.929357	92	9	1	1	5	3	1	0	10634	28	0	68.7332 	0	0
DL	0.929536	92	9	2	1	1	3	1	0	2126	28	0	46.1673	0	0
DL	0.940482	94	0	1	1	12	2	1	0	25523	28	0	46.0133	0	0
DL	0.940732	94	0	2	1	12	2	1	0	25523	28	0	46.0134	0	0
DL	0.940982	94	0	3	1	12	2	1	0	25523	28	0	46.0101	0	0
DL	0.941232	94	1	0	1	12	2	1	0	25523	28	0	46.0103	0	0
DL	0.941482	94	1	1	1	12	2	1	0	25523	28	0	46.0132	0	0
DL	0.941714	94	1	2	1	11	2	1	0	23396	28	0	46.0065	0	0
UL	0.941732	94	1	2	12	1	2	1	0	2126	28	0	68.8878 	0	0
DL	0.941964	94	1	3	1	11	2	1	0	23396	28	0	46.0055	0	0
UL	0.941982	94	1	3	12	1	2	1	0	2126	28	0	68.8911 	0	0
DL	0.942214	94	2	0	1	11	2	1	0	23396	28	0	46.0087	0	0
UL	0.942232	94	2	0	12	1	2	1	0	2126	28	0	68.8855 	0	0
DL	0.942482	94	2	1	1	12	2	1	0	25523	28	0	46.0023	0	0
DL	0.942732	94	2	2	1	12	2	1	0	25523	28	0	46.005	0	0
DL	0.942982	94	2	3	1	12	2	1	0	25523	28	0	46.003	0	0
DL	0.943232	94	3	0	1	12	2	1	0	25523	28	0	46.0008	0	0
DL	0.943464	94	3	1	1	11	2	1	0	23396	28	0	45.9982	0	0
UL	0.943482	94	3	1	12	1	2	1	0	2126	28	0	68.8718 	0	0
DL	0.943714	94	3	2	1	11	2	1	0	23396	28	0	45.9912	0	0
UL	0.943732	94	3	2	12	1	2	1	0	2126	28	0	68.8769 	0	0
DL	0.943964	94	3	3	1	11	2	1	0	23396	28	0	45.9968	0	0
UL	0.943982	94	3	3	12	1	2	1	0	2126	28	0	68.8834 	0	0
DL	0.944232	94	4	0	1	12	2	1	0	25523	28	0	46.0016	0	0
DL	0.944482	94	4	1	1	12	2	1	0	25523	28	0	45.9985	0	0
DL	0.944732	94	4	2	1	12	2	1	0	25523	28	0	45.9964	0	0
DL	0.944982	94	4	3	1	12	2	1	0	25523	28	0	45.9902	0	0
DL	0.945214	94	5	0	1	11	2	1	0	23396	28	0	45.9961	0	0
UL	0.945232	94	5	0	12	1	2	1	0	2126	28	0	68.8826 	0	0
DL	0.945464	94	5	1	1	11	2	1	0	23396	28	0	46.0009	0	0
UL	0.945482	94	5	1	12	1	2	1	0	2126	28	0	68.8878 	0	0
DL	0.945625	94	5	2	1	6	2	1	0	12761	28	0	46.0085	0	0
UL	0.945643	94	5	2	7	1	2	1	0	2126	28	0	68.8909 	0	0
DL	0.945786	94	5	3	1	1	2	1	0	2126	28	0	46.0085	0	0
DL	0.946482	94	6	1	1	12	3	1	0	25523	28	0	46.2028	0	0
DL	0.946732	94	6	2	1	12	3	1	0	25523	28	0	46.211	0	0
UL	0.946786	94	6	3	1	1	2	1	0	2126	28	0	68.8931 	0	0
DL	0.946982	94	6	3	1	12	3	1	0	25523	28	0	46.2126	0	0
UL	0.947036	94	7	0	1	1	2	1	0	2126	28	0	68.8919 	0	0
DL	0.947232	94	7	0	1	12	3	1	0	25523	28	0	46.2119	0	0
DL	0.947482	94	7	1	1	12	3	1	0	25523	28	0	46.2093	0	0
DL	0.947714	94	7	2	1	11	3	1	0	23396	28	0	46.2053	0	0
UL	0.947732	94	7	2	12	1	3	1	0	2126	28	0	68.7793 	0	0
DL	0.947964	94	7	3	1	11	3	1	0	23396	28	0	46.2123	0	0
UL	0.947982	94	7	3	12	1	3	1	0	2126	28	0	68.7772 	0	0
DL	0.948214	94	8	0	1	11	3	1	0	23396	28	0	46.2109	0	0
UL	0.948232	94	8	0	12	1	3	1	0	2126	28	0	68.7711 	0	0
DL	0.948482	94	8	1	1	12	3	1	0	25523	28	0	46.2041	0	0
DL	0.948732	94	8	2	1	12	3	1	0	25523	28	0	46.1984	0	0
DL	0.948982	94	8	3	1	12	3	1	0	25523	28	0	46.2021	0	0
DL	0.949232	94	9	0	1	12	3	1	0	25523	28	0	46.2051	0	0
DL	0.949464	94	9	1	1	11	3	1	0	23396	28	0	46.2047	0	0
UL	0.949482	94	9	1	12	1	3	1	0	2126	28	0	68.7668 	0	0
DL	0.949714	94	9	2	1	11	3	1	0	23396	28	0	46.2023	0	0
UL	0.949732	94	9	2	12	1	3	1	0	2126	28	0	68.7701 	0	0
DL	0.949964	94	9	3	1	11	3	1	0	23396	28	0	46.2098	0	0
UL	0.949982	94	9	3	12	1	3	1	0	2126	28	0	68.7709 	0	0
DL	0.950232	95	0	0	1	12	3	1	0	25523	28	0	46.2088	0	0
DL	0.950482	95	0	1	1	12	3	1	0	25523	28	0	46.2084	0	0
DL	0.950732	95	0	2	1	12	3	1	0	25523	28	0	46.2049	0	0
DL	0.950982	95	0	3	1	12	3	1	0	25523	28	0	46.2055	0	0
DL	0.951214	95	1	0	1	11	3	1	0	23396	28	0	46.2044	0	0
UL	0.951232	95	1	0	12	1	3	1	0	2126	28	0	68.7655 	0	0
DL	0.951464	95	1	1	1	11	3	1	0	23396	28	0	46.201	0	0
UL	0.951482	95	1	1	12	1	3	1	0	2126	28	0	68.7651 	0	0
DL	0.951625	95	1	2	1	6	3	1	0	12761	28	0	46.2006	0	0
UL	0.951643	95	1	2	7	1	3	1	0	2126	28	0	68.7629 	0	0
DL	0.951786	95	1	3	1	1	3	1	0	2126	28	0	46.2006	0	0
UL	0.952786	95	2	3	1	1	3	1	0	2126	28	0	68.7678 	0	0
UL	0.953036	95	3	0	1	1	3	1	0	2126	28	0	68.7699 	0	0
UL	0.957732	95	7	2	1	12	2	1	0	25523	28	0	68.8781 	0	0
UL	0.957982	95	7	3	1	12	2	1	0	25523	28	0	68.8772 	0	0
UL	0.958232	95	8	0	1	12	2	1	0	25523	28	0	68.8814 	0	0
UL	0.958482	95	8	1	1	12	2	1	0	25523	28	0	68.8881 	0	0
DL	0.958536	95	8	2	1	1	2	1	0	2126	28	0	46.0025	0	0
UL	0.958732	95	8	2	2	11	2	1	0	23396	28	0	68.8852 	0	0
UL	0.958982	95	8	3	1	12	2	1	0	25523	28	0	68.8877 	0	0
UL	0.959232	95	9	0	1	12	2	1	0	25523	28	0	68.8895 	0	0
UL	0.959482	95	9	1	1	12	2	1	0	25523	28	0	68.8992 	0	0
UL	0.959732	95	9	2	1	12	2	1	0	25523	28	0	68.898 	0	0
DL	0.959786	95	9	3	1	1	2	1	0	2126	28	0	46.0121	0	0
UL	0.959982	95	9	3	2	11	2	1	0	23396	28	0	68.897 	0	0
UL	0.960232	96	0	0	1	12	2	1	0	25523	28	0	68.8946 	0	0
UL	0.960482	96	0	1	1	12	2	1	0	25523	28	0	68.895 	0	0
UL	0.960732	96	0	2	1	12	2	1	0	25523	28	0	68.8983 	0	0
UL	0.960982	96	0	3	1	12	2	1	0	25523	28	0	68.8985 	0	0
DL	0.961036	96	1	0	1	1	2	1	0	2126	28	0	46.0084	0	0
UL	0.961232	96	1	0	2	11	2	1	0	23396	28	0	68.8906 	0	0
UL	0.961482	96	1	1	1	12	2	1	0	25523	28	0	68.8835 	0	0
UL	0.961732	96	1	2	1	12	2	1	0	25523	28	0	68.8841 	0	0
UL	0.961982	96	1	3	1	12	2	1	0	25523	28	0	68.8792 	0	0
UL	0.962232	96	2	0	1	12	2	1	0	25523	28	0	68.8736 	0	0
DL	0.962286	96	2	1	1	1	2	1	0	2126	28	0	45.9966	0	0
UL	0.962482	96	2	1	2	11	2	1	0	23396	28	0	68.8773 	0	0
UL	0.962732	96	2	2	1	12	2	1	0	25523	28	0	68.8698 	0	0
UL	0.962982	96	2	3	1	12	2	1	0	25523	28	0	68.87 	0	0
UL	0.963232	96	3	0	1	12	2	1	0	25523	28	0	68.8716 	0	0
UL	0.963357	96	3	1	1	5	2	1	0	10634	28	0	68.8679 	0	0
DL	0.963536	96	3	2	1	1	2	1	0	2126	28	0	45.9825	0	0
UL	0.963732	96	3	2	1	12	3	1	0	25523	28	0	68.7861 	0	0
UL	0.963982	96	3	3	1	12	3	1	0	25523	28	0	68.7922 	0	0
UL	0.964232	96	4	0	1	12	3	1	0	25523	28	0	68.7929 	0	0
UL	0.964482	96	4	1	1	12	3	1	0	25523	28	0	68.795 	0	0
DL	0.964536	96	4	2	1	1	3	1	0	2126	28	0	46.237	0	0
UL	0.964732	96	4	2	2	11	3	1	0	23396	28	0	68.8022 	0	0
UL	0.964982	96	4	3	1	12	3	1	0	25523	28	0	68.7997 	0	0
UL	0.965232	96	5	0	1	12	3	1	0	25523	28	0	68.8028 	0	0
UL	0.965482	96	5	1	1	12	3	1	0	25523	28	0	68.7996 	0	0
UL	0.965732	96	5	2	1	12	3	1	0	25523	28	0	68.7987 	0	0
DL	0.965786	96	5	3	1	1	3	1	0	2126	28	0	46.2369	0	0
UL	0.965982	96	5	3	2	11	3	1	0	23396	28	0	68.8012 	0	0
UL	0.966232	96	6	0	1	12	3	1	0	25523	28	0	68.8064 	0	0
UL	0.966482	96	6	1	1	12	3	1	0	25523	28	0	68.8069 	0	0
UL	0.966732	96	6	2	1	12	3	1	0	25523	28	0	68.8078 	0	0
UL	0.966982	96	6	3	1	12	3	1	0	25523	28	0	68.8105 	0	0
DL	0.967036	96	7	0	1	1	3	1	0	2126	28	0	46.2454	0	0
UL	0.967232	96	7	0	2	11	3	1	0	23396	28	0	68.8075 	0	0
UL	0.967482	96	7	1	1	12	3	1	0	25523	28	0	68.8071 	0	0
UL	0.967732	96	7	2	1	12	3	1	0	25523	28	0	68.8044 	0	0
UL	0.967982	96	7	3	1	12	3	1	0	25523	28	0	68.8109 	0	0
UL	0.968232	96	8	0	1	12	3	1	0	25523	28	0	68.8146 	0	0
DL	0.968286	96	8	1	1	1	3	1	0	2126	28	0	46.2546	0	0
UL	0.968482	96	8	1	2	11	3	1	0	23396	28	0	68.8152 	0	0
UL	0.968732	96	8	2	1	12	3	1	0	25523	28	0	68.8256 	0	0
UL	0.968982	96	8	3	1	12	3	1	0	25523	28	0	68.8299 	0	0
UL	0.969232	96	9	0	1	12	3	1	0	25523	28	0	68.8346 	0	0
UL	0.969357	96	9	1	1	5	3	1	0	10634	28	0	68.8372 	0	0
DL	0.969536	96	9	2	1	1	3	1	0	2126	28	0	46.2718	0	0
DL	0.980482	98	0	1	1	12	2	1	0	25523	28	0	45.9817	0	0
DL	0.980732	98	0	2	1	12	2	1	0	25523	28	0	45.9809	0	0
DL	0.980982	98	0	3	1	12	2	1	0	25523	28	0	45.9802	0	0
DL	0.981232	98	1	0	1	12	2	1	0	25523	28	0	45.9748	0	0
DL	0.981482	98	1	1	1	12	2	1	0	25523	28	0	45.9735	0	0
DL	0.981714	98	1	2	1	11	2	1	0	23396	28	0	45.9784	0	0
UL	0.981732	98	1	2	12	1	2	1	0	2126	28	0	68.8587 	0	0
DL	0.981964	98	1	3	1	11	2	1	0	23396	28	0	45.9741	0	0
UL	0.981982	98	1	3	12	1	2	1	0	2126	28	0	68.8576 	0	0
DL	0.982214	98	2	0	1	11	2	1	0	23396	28	0	45.9792	0	0
UL	0.982232	98	2	0	12	1	2	1	0	2126	28	0	68.8622 	0	0
DL	0.982482	98	2	1	1	12	2	1	0	25523	28	0	45.9803	0	0
DL	0.982732	98	2	2	1	12	2	1	0	25523	28	0	45.9755	0	0
DL	0.982982	98	2	3	1	12	2	1	0	25523	28	0	45.9737	0	0
DL	0.983232	98	3	0	1	12	2	1	0	25523	28	0	45.9767	0	0
DL	0.983464	98	3	1	1	11	2	1	0	23396	28	0	45.9761	0	0
UL	0.983482	98	3	1	12	1	2	1	0	2126	28	0	68.8622 	0	0
DL	0.983714	98	3	2	1	11	2	1	0	23396	28	0	45.9827	0	0
UL	0.983732	98	3	2	12	1	2	1	0	2126	28	0	68.8651 	0	0
DL	0.983964	98	3	3	1	11	2	1	0	23396	28	0	45.9874	0	0
UL	0.983982	98	3	3	12	1	2	1	0	2126	28	0	68.8633 	0	0
DL	0.984232	98	4	0	1	12	2	1	0	25523	28	0	45.9818	0	0
DL	0.984482	98	4	1	1	12	2	1	0	25523	28	0	45.988	0	0
DL	0.984732	98	4	2	1	12	2	1	0	25523	28	0	45.9839	0	0
DL	0.984982	98	4	3	1	12	2	1	0	25523	28	0	45.9895	0	0
DL	0.985214	98	5	0	1	11	2	1	0	23396	28	0	45.9876	0	0
UL	0.985232	98	5	0	12	1	2	1	0	2126	28	0	68.8665 	0	0
DL	0.985464	98	5	1	1	11	2	1	0	23396	28	0	45.9818	0	0
UL	0.985482	98	5	1	12	1	2	1	0	2126	28	0	68.8718 	0	0
DL	0.985625	98	5	2	1	6	2	1	0	12761	28	0	45.9886	0	0
UL	0.985643	98	5	2	7	1	2	1	0	2126	28	0	68.8653 	0	0
DL	0.985786	98	5	3	1	1	2	1	0	2126	28	0	45.9777	0	0
DL	0.986482	98	6	1	1	12	3	1	0	25523	28	0	46.2843	0	0
DL	0.986732	98	6	2	1	12	3	1	0	25523	28	0	46.2785	0	0
UL	0.986786	98	6	3	1	1	2	1	0	2126	28	0	68.8688 	0	0
DL	0.986982	98	6	3	1	12	3	1	0	25523	28	0	46.2719	0	0
UL	0.987036	98	7	0	1	1	2	1	0	2126	28	0	68.868 	0	0
DL	0.987232	98	7	0	1	12	3	1	0	25523	28	0	46.2714	0	0
DL	0.987482	98	7	1	1	12	3	1	0	25523	28	0	46.2714	0	0
DL	0.987714	98	7	2	1	11	3	1	0	23396	28	0	46.2667	0	0
UL	0.987732	98	7	2	12	1	3	1	0	2126	28	0	68.8333 	0	0
DL	0.987964	98	7	3	1	11	3	1	0	23396	28	0	46.2693	0	0
UL	0.987982	98	7	3	12	1	3	1	0	2126	28	0	68.8224 	0	0
DL	0.988214	98	8	0	1	11	3	1	0	23396	28	0	46.2579	0	0
UL	0.988232	98	8	0	12	1	3	1	0	2126	28	0	68.8295 	0	0
DL	0.988482	98	8	1	1	12	3	1	0	25523	28	0	46.2692	0	0
DL	0.988732	98	8	2	1	12	3	1	0	25523	28	0	46.2786	0	0
DL	0.988982	98	8	3	1	12	3	1	0	25523	28	0	46.2779	0	0
DL	0.989232	98	9	0	1	12	3	1	0	25523	28	0	46.2775	0	0
DL	0.989464	98	9	1	1	11	3	1	0	23396	28	0	46.2763	0	0
UL	0.989482	98	9	1	12	1	3	1	0	2126	28	0	68.8406 	0	0
DL	0.989714	98	9	2	1	11	3	1	0	23396	28	0	46.2791	0	0
UL	0.989732	98	9	2	12	1	3	1	0	2126	28	0	68.8448 	0	0
DL	0.989964	98	9	3	1	11	3	1	0	23396	28	0	46.2829	0	0
UL	0.989982	98	9	3	12	1	3	1	0	2126	28	0	68.8544 	0	0
DL	0.990232	99	0	0	1	12	3	1	0	25523	28	0	46.2928	0	0
DL	0.990482	99	0	1	1	12	3	1	0	25523	28	0	46.2949	0	0
DL	0.990732	99	0	2	1	12	3	1	0	25523	28	0	46.3027	0	0
DL	0.990982	99	0	3	1	12	3	1	0	25523	28	0	46.3001	0	0
DL	0.991214	99	1	0	1	11	3	1	0	23396	28	0	46.2959	0	0
UL	0.991232	99	1	0	12	1	3	1	0	2126	28	0	68.857 	0	0
DL	0.991464	99	1	1	1	11	3	1	0	23396	28	0	46.2951	0	0
UL	0.991482	99	1	1	12	1	3	1	0	2126	28	0	68.8596 	0	0
DL	0.991625	99	1	2	1	6	3	1	0	12761	28	0	46.2935	0	0
UL	0.991643	99	1	2	7	1	3	1	0	2126	28	0	68.8567 	0	0
DL	0.991786	99	1	3	1	1	3	1	0	2126	28	0	46.2908	0	0
UL	0.992786	99	2	3	1	1	3	1	0	2126	28	0	68.8428 	0	0
UL	0.993036	99	3	0	1	1	3	1	0	2126	28	0	68.8468 	0	0
UL	0.997732	99	7	2	1	12	2	1	0	25523	28	0	68.8696 	0	0
UL	0.997982	99	7	3	1	12	2	1	0	25523	28	0	68.8647 	0	0
UL	0.998232	99	8	0	1	12	2	1	0	25523	28	0	68.8701 	0	0
UL	0.998482	99	8	1	1	12	2	1	0	25523	28	0	68.8619 	0	0
DL	0.998536	99	8	2	1	1	2	1	0	2126	28	0	45.9726	0	0
UL	0.998732	99	8	2	2	11	2	1	0	23396	28	0	68.8555 	0	0
UL	0.998982	99	8	3	1	12	2	1	0	25523	28	0	68.8612 	0	0
UL	0.999232	99	9	0	1	12	2	1	0	25523	28	0	68.8647 	0	0
UL	0.999482	99	9	1	1	12	2	1	0	25523	28	0	68.8704 	0	0
UL	0.999732	99	9	2	1	12	2	1	0	25523	28	0	68.8648 	0	0
DL	0.999786	99	9	3	1	1	2	1	0	2126	28	0	45.9881	0	0
UL	0.999982	99	9	3	2	11	2	1	0	23396	28	0	68.871 	0	0
UL	1.00023	100	0	0	1	12	2	1	0	25523	28	0	68.871 	0	0
UL	1.00048	100	0	1	1	12	2	1	0	25523	28	0	68.8675 	0	0
UL	1.00073	100	0	2	1	12	2	1	0	25523	28	0	68.8722 	0	0
UL	1.00098	100	0	3	1	12	2	1	0	25523	28	0	68.8803 	0	0
DL	1.00104	100	1	0	1	1	2	1	0	2126	28	0	46.0662	0	0
UL	1.00123	100	1	0	2	11	2	1	0	23396	28	0	68.9428 	0	0
UL	1.00148	100	1	1	1	12	2	1	0	25523	28	0	68.9487 	0	0
UL	1.00173	100	1	2	1	12	2	1	0	25523	28	0	68.9526 	0	0
UL	1.00198	100	1	3	1	12	2	1	0	25523	28	0	68.9481 	0	0
UL	1.00223	100	2	0	1	12	2	1	0	25523	28	0	68.9389 	0	0
DL	1.00229	100	2	1	1	1	2	1	0	2126	28	0	46.0643	0	0
UL	1.00248	100	2	1	2	11	2	1	0	23396	28	0	68.9408 	0	0
UL	1.00273	100	2	2	1	12	2	1	0	25523	28	0	68.9445 	0	0
UL	1.00298	100	2	3	1	12	2	1	0	25523	28	0	68.9425 	0	0
UL	1.00323	100	3	0	1	12	2	1	0	25523	28	0	68.9501 	0	0
UL	1.00336	100	3	1	1	5	2	1	0	10634	28	0	68.96 	0	0
DL	1.00354	100	3	2	1	1	2	1	0	2126	28	0	46.089	0	0
UL	1.00373	100	3	2	1	12	3	1	0	25523	28	0	67.2925 	0	0
UL	1.00398	100	3	3	1	12	3	1	0	25523	28	0	67.2876 	0	0
UL	1.00423	100	4	0	1	12	3	1	0	25523	28	0	67.287 	0	0
UL	1.00448	100	4	1	1	12	3	1	0	25523	28	0	67.2891 	0	0
DL	1.00454	100	4	2	1	1	3	1	0	2126	28	0	44.7192	0	0
UL	1.00473	100	4	2	2	11	3	1	0	23396	28	0	67.2884 	0	0
UL	1.00498	100	4	3	1	12	3	1	0	25523	28	0	67.2778 	0	0
UL	1.00523	100	5	0	1	12	3	1	0	25523	28	0	67.2819 	0	0
UL	1.00548	100	5	1	1	12	3	1	0	25523	28	0	67.2835 	0	0
UL	1.00573	100	5	2	1	12	3	1	0	25523	28	0	67.2852 	0	0
DL	1.00579	100	5	3	1	1	3	1	0	2126	28	0	44.7136	0	0
UL	1.00598	100	5	3	2	11	3	1	0	23396	28	0	67.2829 	0	0
UL	1.00623	100	6	0	1	12	3	1	0	25523	28	0	67.2826 	0	0
UL	1.00648	100	6	1	1	12	3	1	0	25523	28	0	67.2773 	0	0
UL	1.00673	100	6	2	1	12	3	1	0	25523	28	0	67.2777 	0	0
UL	1.00698	100	6	3	1	12	3	1	0	25523	28	0	67.2802 	0	0
DL	1.00704	100	7	0	1	1	3	1	0	2126	28	0	44.7133	0	0
UL	1.00723	100	7	0	2	11	3	1	0	23396	28	0	67.2835 	0	0
UL	1.00748	100	7	1	1	12	3	1	0	25523	28	0	67.2868 	0	0
UL	1.00773	100	7	2	1	12	3	1	0	25523	28	0	67.2875 	0	0
UL	1.00798	100	7	3	1	12	3	1	0	25523	28	0	67.2902 	0	0
UL	1.00823	100	8	0	1	12	3	1	0	25523	28	0	67.2843 	0	0
DL	1.00829	100	8	1	1	1	3	1	0	2126	28	0	44.7181	0	0
UL	1.00848	100	8	1	2	11	3	1	0	23396	28	0	67.2864 	0	0
UL	1.00873	100	8	2	1	12	3	1	0	25523	28	0	67.2844 	0	0
UL	1.00898	100	8	3	1	12	3	1	0	25523	28	0	67.2836 	0	0
UL	1.00923	100	9	0	1	12	3	1	0	25523	28	0	67.2879 	0	0
UL	1.00936	100	9	1	1	5	3	1	0	10634	28	0	67.2906 	0	0
DL	1.00954	100	9	2	1	1	3	1	0	2126	28	0	44.7164	0	0
DL	1.02048	102	0	1	1	12	2	1	0	25523	28	0	46.0052	0	0
DL	1.02073	102	0	2	1	12	2	1	0	25523	28	0	45.9981	0	0
DL	1.02098	102	0	3	1	12	2	1	0	25523	28	0	46.0028	0	0
DL	1.02123	102	1	0	1	12	2	1	0	25523	28	0	46.0034	0	0
DL	1.02148	102	1	1	1	12	2	1	0	25523	28	0	46	0	0
DL	1.02171	102	1	2	1	11	2	1	0	23396	28	0	45.9894	0	0
UL	1.02173	102	1	2	12	1	2	1	0	2126	28	0	68.8676 	0	0
DL	1.02196	102	1	3	1	11	2	1	0	23396	28	0	45.9885	0	0
UL	1.02198	102	1	3	12	1	2	1	0	2126	28	0	68.8637 	0	0
DL	1.02221	102	2	0	1	11	2	1	0	23396	28	0	45.9872	0	0
UL	1.02223	102	2	0	12	1	2	1	0	2126	28	0	68.8651 	0	0
DL	1.02248	102	2	1	1	12	2	1	0	25523	28	0	45.9865	0	0
DL	1.02273	102	2	2	1	12	2	1	0	25523	28	0	45.984	0	0
DL	1.02298	102	2	3	1	12	2	1	0	25523	28	0	45.9885	0	0
DL	1.02323	102	3	0	1	12	2	1	0	25523	28	0	45.9843	0	0
DL	1.02346	102	3	1	1	11	2	1	0	23396	28	0	45.9839	0	0
UL	1.02348	102	3	1	12	1	2	1	0	2126	28	0	68.8552 	0	0
DL	1.02371	102	3	2	1	11	2	1	0	23396	28	0	45.9802	0	0
UL	1.02373	102	3	2	12	1	2	1	0	2126	28	0	68.8601 	0	0
DL	1.02396	102	3	3	1	11	2	1	0	23396	28	0	45.9797	0	0
UL	1.02398	102	3	3	12	1	2	1	0	2126	28	0	68.8501 	0	0
DL	1.02423	102	4	0	1	12	2	1	0	25523	28	0	45.9734	0	0
DL	1.02448	102	4	1	1	12	2	1	0	25523	28	0	45.9742	0	0
DL	1.02473	102	4	2	1	12	2	1	0	25523	28	0	45.9743	0	0
DL	1.02498	102	4	3	1	12	2	1	0	25523	28	0	45.9759	0	0
DL	1.02521	102	5	0	1	11	2	1	0	23396	28	0	45.9682	0	0
UL	1.02523	102	5	0	12	1	2	1	0	2126	28	0	68.847 	0	0
DL	1.02546	102	5	1	1	11	2	1	0	23396	28	0	45.9669	0	0
UL	1.02548	102	5	1	12	1	2	1	0	2126	28	0	68.8409 	0	0
DL	1.02562	102	5	2	1	6	2	1	0	12761	28	0	45.9629	0	0
UL	1.02564	102	5	2	7	1	2	1	0	2126	28	0	68.8389 	0	0
DL	1.02579	102	5	3	1	1	2	1	0	2126	28	0	45.9586	0	0
DL	1.02648	102	6	1	1	12	3	1	0	25523	28	0	44.7578	0	0
DL	1.02673	102	6	2	1	12	3	1	0	25523	28	0	44.7556	0	0
UL	1.02679	102	6	3	1	1	2	1	0	2126	28	0	68.8432 	0	0
DL	1.02698	102	6	3	1	12	3	1	0	25523	28	0	44.7556	0	0
UL	1.02704	102	7	0	1	1	2	1	0	2126	28	0	68.8453 	0	0
DL	1.02723	102	7	0	1	12	3	1	0	25523	28	0	44.7512	0	0
DL	1.02748	102	7	1	1	12	3	1	0	25523	28	0	44.75	0	0
DL	1.02771	102	7	2	1	11	3	1	0	23396	28	0	44.7518	0	0
UL	1.02773	102	7	2	12	1	3	1	0	2126	28	0	67.3191 	0	0
DL	1.02796	102	7	3	1	11	3	1	0	23396	28	0	44.746	0	0
UL	1.02798	102	7	3	12	1	3	1	0	2126	28	0	67.3149 	0	0
DL	1.02821	102	8	0	1	11	3	1	0	23396	28	0	44.7448	0	0
UL	1.02823	102	8	0	12	1	3	1	0	2126	28	0	67.3107 	0	0
DL	1.02848	102	8	1	1	12	3	1	0	25523	28	0	44.7431	0	0
DL	1.02873	102	8	2	1	12	3	1	0	25523	28	0	44.741	0	0
DL	1.02898	102	8	3	1	12	3	1	0	25523	28	0	44.7398	0	0
DL	1.02923	102	9	0	1	12	3	1	0	25523	28	0	44.7401	0	0
DL	1.02946	102	9	1	1	11	3	1	0	23396	28	0	44.7341	0	0
UL	1.02948	102	9	1	12	1	3	1	0	2126	28	0	67.2966 	0	0
DL	1.02971	102	9	2	1	11	3	1	0	23396	28	0	44.7214	0	0
UL	1.02973	102	9	2	12	1	3	1	0	2126	28	0	67.2892 	0	0
DL	1.02996	102	9	3	1	11	3	1	0	23396	28	0	44.7186	0	0
UL	1.02998	102	9	3	12	1	3	1	0	2126	28	0	67.2871 	0	0
DL	1.03023	103	0	0	1	12	3	1	0	25523	28	0	44.7172	0	0
DL	1.03048	103	0	1	1	12	3	1	0	25523	28	0	44.7185	0	0
DL	1.03073	103	0	2	1	12	3	1	0	25523	28	0	44.7148	0	0
DL	1.03098	103	0	3	1	12	3	1	0	25523	28	0	44.717	0	0
DL	1.03121	103	1	0	1	11	3	1	0	23396	28	0	44.7164	0	0
UL	1.03123	103	1	0	12	1	3	1	0	2126	28	0	67.2828 	0	0
DL	1.03146	103	1	1	1	11	3	1	0	23396	28	0	44.7094	0	0
UL	1.03148	103	1	1	12	1	3	1	0	2126	28	0	67.2827 	0	0
DL	1.03162	103	1	2	1	6	3	1	0	12761	28	0	44.7078	0	0
UL	1.03164	103	1	2	7	1	3	1	0	2126	28	0	67.2756 	0	0
DL	1.03179	103	1	3	1	1	3	1	0	2126	28	0	44.709	0	0
UL	1.03279	103	2	3	1	1	3	1	0	2126	28	0	67.2815 	0	0
UL	1.03304	103	3	0	1	1	3	1	0	2126	28	0	67.2766 	0	0
UL	1.03773	103	7	2	1	12	2	1	0	25523	28	0	68.8178 	0	0
UL	1.03798	103	7	3	1	12	2	1	0	25523	28	0	68.8198 	0	0
UL	1.03823	103	8	0	1	12	2	1	0	25523	28	0	68.8227 	0	0
UL	1.03848	103	8	1	1	12	2	1	0	25523	28	0	68.8214 	0	0
DL	1.03854	103	8	2	1	1	2	1	0	2126	28	0	45.94	0	0
UL	1.03873	103	8	2	2	11	2	1	0	23396	28	0	68.8195 	0	0
UL	1.03898	103	8	3	1	12	2	1	0	25523	28	0	68.8211 	0	0
UL	1.03923	103	9	0	1	12	2	1	0	25523	28	0	68.8321 	0	0
UL	1.03948	103	9	1	1	12	2	1	0	25523	28	0	68.8311 	0	0
UL	1.03973	103	9	2	1	12	2	1	0	25523	28	0	68.8299 	0	0
DL	1.03979	103	9	3	1	1	2	1	0	2126	28	0	45.9529	0	0
UL	1.03998	103	9	3	2	11	2	1	0	23396	28	0	68.8311 	0	0
UL	1.04023	104	0	0	1	12	2	1	0	25523	28	0	68.8255 	0	0
UL	1.04048	104	0	1	1	12	2	1	0	25523	28	0	68.8282 	0	0
UL	1.04073	104	0	2	1	12	2	1	0	25523	28	0	68.8328 	0	0
UL	1.04098	104	0	3	1	12	2	1	0	25523	28	0	68.8374 	0	0
DL	1.04104	104	1	0	1	1	2	1	0	2126	28	0	45.9602	0	0
UL	1.04123	104	1	0	2	11	2	1	0	23396	28	0	68.8398 	0	0
UL	1.04148	104	1	1	1	12	2	1	0	25523	28	0	68.8315 	0	0
UL	1.04173	104	1	2	1	12	2	1	0	25523	28	0	68.8333 	0	0
UL	1.04198	104	1	3	1	12	2	1	0	25523	28	0	68.8263 	0	0
UL	1.04223	104	2	0	1	12	2	1	0	25523	28	0	68.8309 	0	0
DL	1.04229	104	2	1	1	1	2	1	0	2126	28	0	45.9501	0	0
UL	1.04248	104	2	1	2	11	2	1	0	23396	28	0	68.8288 	0	0
UL	1.04273	104	2	2	1	12	2	1	0	25523	28	0	68.8284 	0	0
UL	1.04298	104	2	3	1	12	2	1	0	25523	28	0	68.8282 	0	0
UL	1.04323	104	3	0	1	12	2	1	0	25523	28	0	68.8279 	0	0
UL	1.04336	104	3	1	1	5	2	1	0	10634	28	0	68.83 	0	0
DL	1.04354	104	3	2	1	1	2	1	0	2126	28	0	45.9577	0	0
UL	1.04373	104	3	2	1	12	3	1	0	25523	28	0	67.31 	0	0
UL	1.04398	104	3	3	1	12	3	1	0	25523	28	0	67.3082 	0	0
UL	1.04423	104	4	0	1	12	3	1	0	25523	28	0	67.3067 	0	0
UL	1.04448	104	4	1	1	12	3	1	0	25523	28	0	67.3058 	0	0
DL	1.04454	104	4	2	1	1	3	1	0	2126	28	0	44.7342	0	0
UL	1.04473	104	4	2	2	11	3	1	0	23396	28	0	67.3048 	0	0
UL	1.04498	104	4	3	1	12	3	1	0	25523	28	0	67.3008 	0	0
UL	1.04523	104	5	0	1	12	3	1	0	25523	28	0	67.3038 	0	0
UL	1.04548	104	5	1	1	12	3	1	0	25523	28	0	67.3092 	0	0
UL	1.04573	104	5	2	1	12	3	1	0	25523	28	0	67.3223 	0	0
DL	1.04579	104	5	3	1	1	3	1	0	2126	28	0	44.7439	0	0
UL	1.04598	104	5	3	2	11	3	1	0	23396	28	0	67.3126 	0	0
UL	1.04623	104	6	0	1	12	3	1	0	25523	28	0	67.3137 	0	0
UL	1.04648	104	6	1	1	12	3	1	0	25523	28	0	67.317 	0	0
UL	1.04673	104	6	2	1	12	3	1	0	25523	28	0	67.3144 	0	0
UL	1.04698	104	6	3	1	12	3	1	0	25523	28	0	67.3104 	0	0
DL	1.04704	104	7	0	1	1	3	1	0	2126	28	0	44.7503	0	0
UL	1.04723	104	7	0	2	11	3	1	0	23396	28	0	67.3196 	0	0
UL	1.04748	104	7	1	1	12	3	1	0	25523	28	0	67.3159 	0	0
UL	1.04773	104	7	2	1	12	3	1	0	25523	28	0	67.3201 	0	0
UL	1.04798	104	7	3	1	12	3	1	0	25523	28	0	67.3214 	0	0
UL	1.04823	104	8	0	1	12	3	1	0	25523	28	0	67.322 	0	0
DL	1.04829	104	8	1	1	1	3	1	0	2126	28	0	44.7536	0	0
UL	1.04848	104	8	1	2	11	3	1	0	23396	28	0	67.323 	0	0
UL	1.04873	104	8	2	1	12	3	1	0	25523	28	0	67.3222 	0	0
UL	1.04898	104	8	3	1	12	3	1	0	25523	28	0	67.3189 	0	0
UL	1.04923	104	9	0	1	12	3	1	0	25523	28	0	67.3222 	0	0
UL	1.04936	104	9	1	1	5	3	1	0	10634	28	0	67.3221 	0	0
DL	1.04954	104	9	2	1	1	3	1	0	2126	28	0	44.7493	0	0
DL	1.06048	106	0	1	1	12	2	1	0	25523	28	0	45.9244	0	0
DL	1.06073	106	0	2	1	12	2	1	0	25523	28	0	45.9322	0	0
DL	1.06098	106	0	3	1	12	2	1	0	25523	28	0	45.9231	0	0
DL	1.06123	106	1	0	1	12	2	1	0	25523	28	0	45.9219	0	0
DL	1.06148	106	1	1	1	12	2	1	0	25523	28	0	45.9263	0	0
DL	1.06171	106	1	2	1	11	2	1	0	23396	28	0	45.9218	0	0
UL	1.06173	106	1	2	12	1	2	1	0	2126	28	0	68.8 	0	0
DL	1.06196	106	1	3	1	11	2	1	0	23396	28	0	45.9196	0	0
UL	1.06198	106	1	3	12	1	2	1	0	2126	28	0	68.7948 	0	0
DL	1.06221	106	2	0	1	11	2	1	0	23396	28	0	45.9117	0	0
UL	1.06223	106	2	0	12	1	2	1	0	2126	28	0	68.793 	0	0
DL	1.06248	106	2	1	1	12	2	1	0	25523	28	0	45.9121	0	0
DL	1.06273	106	2	2	1	12	2	1	0	25523	28	0	45.9129	0	0
DL	1.06298	106	2	3	1	12	2	1	0	25523	28	0	45.9188	0	0
DL	1.06323	106	3	0	1	12	2	1	0	25523	28	0	45.9176	0	0
DL	1.06346	106	3	1	1	11	2	1	0	23396	28	0	45.9087	0	0
UL	1.06348	106	3	1	12	1	2	1	0	2126	28	0	68.7879 	0	0
DL	1.06371	106	3	2	1	11	2	1	0	23396	28	0	45.9092	0	0
UL	1.06373	106	3	2	12	1	2	1	0	2126	28	0	68.7959 	0	0
DL	1.06396	106	3	3	1	11	2	1	0	23396	28	0	45.9121	0	0
UL	1.06398	106	3	3	12	1	2	1	0	2126	28	0	68.7949 	0	0
DL	1.06423	106	4	0	1	12	2	1	0	25523	28	0	45.9123	0	0
DL	1.06448	106	4	1	1	12	2	1	0	25523	28	0	45.92	0	0
DL	1.06473	106	4	2	1	12	2	1	0	25523	28	0	45.9291	0	0
DL	1.06498	106	4	3	1	12	2	1	0	25523	28	0	45.9195	0	0
DL	1.06521	106	5	0	1	11	2	1	0	23396	28	0	45.9269	0	0
UL	1.06523	106	5	0	12	1	2	1	0	2126	28	0	68.8057 	0	0
DL	1.06546	106	5	1	1	11	2	1	0	23396	28	0	45.9267	0	0
UL	1.06548	106	5	1	12	1	2	1	0	2126	28	0	68.7946 	0	0
DL	1.06562	106	5	2	1	6	2	1	0	12761	28	0	45.9166	0	0
UL	1.06564	106	5	2	7	1	2	1	0	2126	28	0	68.7977 	0	0
DL	1.06579	106	5	3	1	1	2	1	0	2126	28	0	45.9211	0	0
DL	1.06648	106	6	1	1	12	3	1	0	25523	28	0	44.7577	0	0
DL	1.06673	106	6	2	1	12	3	1	0	25523	28	0	44.7595	0	0
UL	1.06679	106	6	3	1	1	2	1	0	2126	28	0	68.8028 	0	0
DL	1.06698	106	6	3	1	12	3	1	0	25523	28	0	44.7607	0	0
UL	1.06704	106	7	0	1	1	2	1	0	2126	28	0	68.8051 	0	0
DL	1.06723	106	7	0	1	12	3	1	0	25523	28	0	44.7689	0	0
DL	1.06748	106	7	1	1	12	3	1	0	25523	28	0	44.7674	0	0
DL	1.06771	106	7	2	1	11	3	1	0	23396	28	0	44.7647	0	0
UL	1.06773	106	7	2	12	1	3	1	0	2126	28	0	67.3376 	0	0
DL	1.06796	106	7	3	1	11	3	1	0	23396	28	0	44.7682	0	0
UL	1.06798	106	7	3	12	1	3	1	0	2126	28	0	67.3399 	0	0
DL	1.06821	106	8	0	1	11	3	1	0	23396	28	0	44.767	0	0
UL	1.06823	106	8	0	12	1	3	1	0	2126	28	0	67.3319 	0	0
DL	1.06848	106	8	1	1	12	3	1	0	25523	28	0	44.761	0	0
DL	1.06873	106	8	2	1	12	3	1	0	25523	28	0	44.7654	0	0
DL	1.06898	106	8	3	1	12	3	1	0	25523	28	0	44.7623	0	0
DL	1.06923	106	9	0	1	12	3	1	0	25523	28	0	44.764	0	0
DL	1.06946	106	9	1	1	11	3	1	0	23396	28	0	44.7754	0	0
UL	1.06948	106	9	1	12	1	3	1	0	2126	28	0	67.3495 	0	0
DL	1.06971	106	9	2	1	11	3	1	0	23396	28	0	44.7809	0	0
UL	1.06973	106	9	2	12	1	3	1	0	2126	28	0	67.3522 	0	0
DL	1.06996	106	9	3	1	11	3	1	0	23396	28	0	44.7806	0	0
UL	1.06998	106	9	3	12	1	3	1	0	2126	28	0	67.3509 	0	0
DL	1.07023	107	0	0	1	12	3	1	0	25523	28	0	44.7848	0	0
DL	1.07048	107	0	1	1	12	3	1	0	25523	28	0	44.7774	0	0
DL	1.07073	107	0	2	1	12	3	1	0	25523	28	0	44.7764	0	0
DL	1.07098	107	0	3	1	12	3	1	0	25523	28	0	44.7781	0	0
DL	1.07121	107	1	0	1	11	3	1	0	23396	28	0	44.7697	0	0
UL	1.07123	107	1	0	12	1	3	1	0	2126	28	0	67.3399 	0	0
DL	1.07146	107	1	1	1	11	3	1	0	23396	28	0	44.7712	0	0
UL	1.07148	107	1	1	12	1	3	1	0	2126	28	0	67.3426 	0	0
DL	1.07162	107	1	2	1	6	3	1	0	12761	28	0	44.7704	0	0
UL	1.07164	107	1	2	7	1	3	1	0	2126	28	0	67.3396 	0	0
DL	1.07179	107	1	3	1	1	3	1	0	2126	28	0	44.7644	0	0
UL	1.07279	107	2	3	1	1	3	1	0	2126	28	0	67.3282 	0	0
UL	1.07304	107	3	0	1	1	3	1	0	2126	28	0	67.3272 	0	0
UL	1.07773	107	7	2	1	12	2	1	0	25523	28	0	68.815 	0	0
UL	1.07798	107	7	3	1	12	2	1	0	25523	28	0	68.8241 	0	0
UL	1.07823	107	8	0	1	12	2	1	0	25523	28	0	68.8184 	0	0
UL	1.07848	107	8	1	1	12	2	1	0	25523	28	0	68.8258 	0	0
DL	1.07854	107	8	2	1	1	2	1	0	2126	28	0	45.9465	0	0
UL	1.07873	107	8	2	2	11	2	1	0	23396	28	0	68.8283 	0	0
UL	1.07898	107	8	3	1	12	2	1	0	25523	28	0	68.8216 	0	0
UL	1.07923	107	9	0	1	12	2	1	0	25523	28	0	68.8213 	0	0
UL	1.07948	107	9	1	1	12	2	1	0	25523	28	0	68.8169 	0	0
UL	1.07973	107	9	2	1	12	2	1	0	25523	28	0	68.8203 	0	0
DL	1.07979	107	9	3	1	1	2	1	0	2126	28	0	45.9429	0	0
UL	1.07998	107	9	3	2	11	2	1	0	23396	28	0	68.8245 	0	0
UL	1.08023	108	0	0	1	12	2	1	0	25523	28	0	68.8122 	0	0
UL	1.08048	108	0	1	1	12	2	1	0	25523	28	0	68.8173 	0	0
UL	1.08073	108	0	2	1	12	2	1	0	25523	28	0	68.8274 	0	0
UL	1.08098	108	0	3	1	12	2	1	0	25523	28	0	68.8322 	0	0
DL	1.08104	108	1	0	1	1	2	1	0	2126	28	0	45.955	0	0
UL	1.08123	108	1	0	2	11	2	1	0	23396	28	0	68.8382 	0	0
UL	1.08148	108	1	1	1	12	2	1	0	25523	28	0	68.8392 	0	0
UL	1.08173	108	1	2	1	12	2	1	0	25523	28	0	68.8371 	0	0
UL	1.08198	108	1	3	1	12	2	1	0	25523	28	0	68.832 	0	0
UL	1.08223	108	2	0	1	12	2	1	0	25523	28	0	68.8292 	0	0
DL	1.08229	108	2	1	1	1	2	1	0	2126	28	0	45.9474	0	0
UL	1.08248	108	2	1	2	11	2	1	0	23396	28	0	68.827 	0	0
UL	1.08273	108	2	2	1	12	2	1	0	25523	28	0	68.826 	0	0
UL	1.08298	108	2	3	1	12	2	1	0	25523	28	0	68.8299 	0	0
UL	1.08323	108	3	0	1	12	2	1	0	25523	28	0	68.8418 	0	0
UL	1.08336	108	3	1	1	5	2	1	0	10634	28	0	68.8452 	0	0
DL	1.08354	108	3	2	1	1	2	1	0	2126	28	0	45.9617	0	0
UL	1.08373	108	3	2	1	12	3	1	0	25523	28	0	67.3599 	0	0
UL	1.08398	108	3	3	1	12	3	1	0	25523	28	0	67.3547 	0	0
UL	1.08423	108	4	0	1	12	3	1	0	25523	28	0	67.3476 	0	0
UL	1.08448	108	4	1	1	12	3	1	0	25523	28	0	67.3486 	0	0
DL	1.08454	108	4	2	1	1	3	1	0	2126	28	0	44.7853	0	0
UL	1.08473	108	4	2	2	11	3	1	0	23396	28	0	67.3541 	0	0
UL	1.08498	108	4	3	1	12	3	1	0	25523	28	0	67.3619 	0	0
UL	1.08523	108	5	0	1	12	3	1	0	25523	28	0	67.3555 	0	0
UL	1.08548	108	5	1	1	12	3	1	0	25523	28	0	67.3489 	0	0
UL	1.08573	108	5	2	1	12	3	1	0	25523	28	0	67.3466 	0	0
DL	1.08579	108	5	3	1	1	3	1	0	2126	28	0	44.7748	0	0
UL	1.08598	108	5	3	2	11	3	1	0	23396	28	0	67.3447 	0	0
UL	1.08623	108	6	0	1	12	3	1	0	25523	28	0	67.339 	0	0
UL	1.08648	108	6	1	1	12	3	1	0	25523	28	0	67.3386 	0	0
UL	1.08673	108	6	2	1	12	3	1	0	25523	28	0	67.3421 	0	0
UL	1.08698	108	6	3	1	12	3	1	0	25523	28	0	67.3451 	0	0
DL	1.08704	108	7	0	1	1	3	1	0	2126	28	0	44.7785	0	0
UL	1.08723	108	7	0	2	11	3	1	0	23396	28	0	67.3476 	0	0
UL	1.08748	108	7	1	1	12	3	1	0	25523	28	0	67.346 	0	0
UL	1.08773	108	7	2	1	12	3	1	0	25523	28	0	67.3496 	0	0
UL	1.08798	108	7	3	1	12	3	1	0	25523	28	0	67.3551 	0	0
UL	1.08823	108	8	0	1	12	3	1	0	25523	28	0	67.3567 	0	0
DL	1.08829	108	8	1	1	1	3	1	0	2126	28	0	44.7948	0	0
UL	1.08848	108	8	1	2	11	3	1	0	23396	28	0	67.3645 	0	0
UL	1.08873	108	8	2	1	12	3	1	0	25523	28	0	67.361 	0	0
UL	1.08898	108	8	3	1	12	3	1	0	25523	28	0	67.3568 	0	0
UL	1.08923	108	9	0	1	12	3	1	0	25523	28	0	67.3561 	0	0
UL	1.08936	108	9	1	1	5	3	1	0	10634	28	0	67.3493 	0	0
DL	1.08954	108	9	2	1	1	3	1	0	2126	28	0	44.7835	0	0
DL	1.10048	110	0	1	1	12	2	1	0	25523	28	0	45.9393	0	0
DL	1.10073	110	0	2	1	12	2	1	0	25523	28	0	45.9446	0	0
UL	1.10079	110	0	3	1	1	3	1	0	2126	28	0	67.3389 	0	0
DL	1.10098	110	0	3	1	12	2	1	0	25523	28	0	45.9444	0	0
UL	1.10104	110	1	0	1	1	3	1	0	2126	28	0	67.3451 	0	0
DL	1.10123	110	1	0	1	12	2	1	0	25523	28	0	26.2699	1	1
UL	1.10129	110	1	1	1	1	3	1	0	2126	28	0	69.3844 	0	0
DL	1.10148	110	1	1	1	12	2	1	0	25523	28	0	26.2685	1	1
DL	1.10154	110	1	2	1	1	3	1	0	2126	28	0	31.8006	0	0
DL	1.10171	110	1	2	1	11	2	1	0	23396	28	0	25.8729	1	1
UL	1.10173	110	1	2	12	1	2	1	0	2126	28	0	49.1369 	0	0
DL	1.10196	110	1	3	1	11	2	1	0	21384	26	0	26.2704	0	0.0650926
UL	1.10198	110	1	3	12	1	2	1	0	2126	28	0	49.1303 	0	0
DL	1.10223	110	2	0	1	12	2	1	0	25523	28	1	26.2665	0	0
DL	1.10248	110	2	1	1	12	2	1	0	25523	28	1	26.2621	0	0
DL	1.10271	110	2	2	1	11	2	1	0	23396	28	1	26.256	0	0
UL	1.10273	110	2	2	12	1	2	1	0	2126	28	0	49.1248 	0	0
DL	1.10296	110	2	3	1	11	2	1	0	23396	28	2	26.2599	1	1
DL	1.10323	110	3	0	1	12	2	1	0	23327	26	0	26.2624	1	0.0710664
DL	1.10346	110	3	1	1	11	2	1	0	21384	26	0	26.2653	0	0.0650926
UL	1.10348	110	3	1	12	1	2	1	0	2126	28	0	49.1332 	0	0
DL	1.10373	110	3	2	1	12	2	1	0	23327	26	0	26.2653	0	0
DL	1.10398	110	3	3	1	12	2	1	0	23327	26	1	26.2665	0	0.0710664
DL	1.10423	110	4	0	1	12	2	1	0	23327	26	1	26.2689	0	0
DL	1.10446	110	4	1	1	11	2	1	0	21384	26	0	26.2649	0	0.0650926
UL	1.10448	110	4	1	12	1	2	1	0	2126	28	0	49.135 	0	0
DL	1.10473	110	4	2	1	12	2	1	0	23327	26	0	26.2672	0	0.0710664
DL	1.10498	110	4	3	1	12	2	1	0	23327	26	0	26.2644	0	0.0710664
DL	1.10521	110	5	0	1	11	2	1	0	21384	26	0	26.2638	0	0.0650926
UL	1.10523	110	5	0	12	1	2	1	0	2126	28	0	49.1272 	0	0
DL	1.10548	110	5	1	1	12	2	1	0	23327	26	0	26.259	0	0.0710664
DL	1.10571	110	5	2	1	11	2	1	0	21384	26	0	26.2551	0	0.0650926
UL	1.10573	110	5	2	12	1	2	1	0	2126	28	0	49.1169 	0	0
DL	1.10598	110	5	3	1	12	2	1	0	23327	26	0	26.2534	1	0.0710664
DL	1.10623	110	6	0	1	12	2	1	0	23327	26	0	26.2502	0	0.0710664
DL	1.10648	110	6	1	1	12	3	1	0	25523	28	0	31.8079	0	0
DL	1.10648	110	6	1	1	12	2	1	0	23327	26	0	12.0849	1	1
DL	1.10673	110	6	2	1	12	3	1	0	25523	28	0	31.8167	0	0
DL	1.10673	110	6	2	1	12	2	1	0	23327	26	0	12.0792	0	0
DL	1.10698	110	6	3	1	12	3	1	0	25523	28	0	31.8213	0	0
DL	1.10698	110	6	3	1	12	2	1	0	23327	26	1	12.0725	1	1
DL	1.10721	110	7	0	1	11	2	1	0	8052	13	0	12.0722	0	0
DL	1.10723	110	7	0	1	12	3	1	0	25523	28	0	37.3461	0	0
UL	1.10723	110	7	0	12	1	2	1	0	2126	28	0	49.0815 	0	0
DL	1.10748	110	7	1	1	12	3	1	0	25523	28	0	31.8148	0	0
DL	1.10748	110	7	1	1	12	2	1	0	23327	26	1	12.0619	0	0
DL	1.10771	110	7	2	1	11	3	1	0	23396	28	0	31.8203	0	0
DL	1.10771	110	7	2	1	11	2	1	0	8052	13	0	12.0618	0	0
UL	1.10773	110	7	2	12	1	3	1	0	2126	28	0	36.5355 	0	0
UL	1.10773	110	7	2	12	1	2	1	0	2126	28	0	18.8592 	1	1
DL	1.10796	110	7	3	1	11	3	1	0	23396	28	0	31.8025	0	0
DL	1.10796	110	7	3	1	11	2	1	0	8052	13	1	12.0524	0	0
UL	1.10798	110	7	3	12	1	3	1	0	2126	28	0	69.3834 	0	0
DL	1.10821	110	8	0	1	11	2	1	0	8052	13	2	12.0535	0	0
DL	1.10821	110	8	0	1	11	3	1	0	23396	28	0	31.794	0	0
UL	1.10823	110	8	0	12	1	3	1	0	2126	28	0	69.3799 	0	0
DL	1.10846	110	8	1	1	11	2	1	0	8052	13	0	12.0486	0	0
DL	1.10848	110	8	1	1	12	3	1	0	25523	28	0	37.3214	0	0
UL	1.10848	110	8	1	12	1	2	1	0	2126	28	1	49.0744 	0	0
DL	1.10873	110	8	2	1	12	3	1	0	25523	28	0	31.7925	0	0
DL	1.10873	110	8	2	1	12	2	1	0	8783	13	0	12.0451	0	0
DL	1.10896	110	8	3	1	11	2	1	0	8052	13	0	12.0392	0	0
DL	1.10898	110	8	3	1	12	3	1	0	25523	28	0	37.323	0	0
UL	1.10898	110	8	3	12	1	2	1	0	1373	21	0	49.0702 	0	0
DL	1.10921	110	9	0	1	11	2	1	0	8052	13	0	12.0366	0	0
DL	1.10923	110	9	0	1	12	3	1	0	25523	28	0	37.3253	0	0
UL	1.10923	110	9	0	12	1	2	1	0	1373	21	0	49.0774 	0	0
DL	1.10946	110	9	1	1	11	3	1	0	23396	28	0	31.7885	0	0
DL	1.10948	110	9	1	1	12	2	1	0	8783	13	0	16.949	0	0
UL	1.10948	110	9	1	12	1	3	1	0	2126	28	0	69.3853 	0	0
DL	1.10966	110	9	2	1	8	2	1	0	5856	13	0	12.0521	0	0
DL	1.10971	110	9	2	1	11	3	1	0	23396	28	0	41.5327	0	0
UL	1.10973	110	9	2	12	1	3	1	0	2126	28	0	69.3792 	0	0
DL	1.10996	110	9	3	1	11	3	1	0	23396	28	0	46.8188	0	0
UL	1.10998	110	9	3	12	1	3	1	0	2126	28	0	69.3731 	0	0
DL	1.11023	111	0	0	1	12	3	1	0	25523	28	0	46.8125	0	0
DL	1.11048	111	0	1	1	12	3	1	0	25523	28	0	46.8166	0	0
UL	1.11054	111	0	2	1	1	2	1	0	2126	28	0	49.0969 	0	0
DL	1.11073	111	0	2	1	12	3	1	0	25523	28	0	46.8166	0	0
UL	1.11079	111	0	3	1	1	2	1	0	2126	28	0	49.0931 	0	0
DL	1.11098	111	0	3	1	12	3	1	0	25523	28	0	46.8127	0	0
DL	1.11121	111	1	0	1	11	3	1	0	23396	28	0	46.8177	0	0
UL	1.11123	111	1	0	12	1	3	1	0	2126	28	0	69.3745 	0	0
DL	1.11146	111	1	1	1	11	3	1	0	23396	28	0	46.8212	0	0
UL	1.11148	111	1	1	12	1	3	1	0	2126	28	0	69.3746 	0	0
DL	1.11162	111	1	2	1	6	3	1	0	12761	28	0	46.8219	0	0
UL	1.11164	111	1	2	7	1	3	1	0	2126	28	0	69.3807 	0	0
DL	1.11179	111	1	3	1	1	3	1	0	2126	28	0	46.8188	0	0
UL	1.11279	111	2	3	1	1	3	1	0	2126	28	0	69.3616 	0	0
UL	1.11304	111	3	0	1	1	3	1	0	2126	28	0	69.3587 	0	0
UL	1.11773	111	7	2	1	12	2	1	0	25523	28	0	49.094 	0	0
UL	1.11798	111	7	3	1	12	2	1	0	25523	28	0	49.0926 	0	0
UL	1.11823	111	8	0	1	12	2	1	0	25523	28	0	49.0937 	0	0
UL	1.11848	111	8	1	1	12	2	1	0	25523	28	0	49.0938 	0	0
UL	1.11873	111	8	2	1	12	2	1	0	25523	28	0	49.0963 	0	0
DL	1.11887	111	8	3	1	6	2	1	0	4391	13	0	26.2275	0	0
UL	1.11898	111	8	3	7	6	2	1	0	12761	28	0	49.0935 	0	0
DL	1.11912	111	9	0	1	6	2	1	0	4391	13	0	26.2276	0	0
UL	1.11923	111	9	0	7	6	2	1	0	12761	28	0	49.096 	0	0
DL	1.11937	111	9	1	1	6	2	1	0	4391	13	0	26.2377	0	0
UL	1.11948	111	9	1	7	6	2	1	0	12761	28	0	49.1062 	0	0
DL	1.11962	111	9	2	1	6	2	1	0	11663	26	0	26.2446	0	0.0377313
UL	1.11973	111	9	2	7	6	2	1	0	12761	28	0	49.1128 	0	0
DL	1.11987	111	9	3	1	6	2	1	0	11663	26	0	26.2414	1	0.0377313
UL	1.11998	111	9	3	7	6	2	1	0	12761	28	0	49.1061 	0	0
DL	1.12004	112	0	0	1	1	2	1	0	1946	26	0	26.2402	0	0.00638976
UL	1.12023	112	0	0	2	11	2	1	0	23396	28	0	49.1072 	0	0
UL	1.12048	112	0	1	1	12	2	1	0	25523	28	0	49.1059 	0	0
UL	1.12073	112	0	2	1	12	2	1	0	25523	28	0	49.1009 	0	0
DL	1.12087	112	0	3	1	6	2	1	0	11663	26	1	26.2379	0	0
DL	1.12098	112	0	3	7	6	2	1	0	11663	26	2	26.2378	0	0.0377313
DL	1.12112	112	1	0	1	6	2	1	0	11663	26	0	26.2411	0	0.0377313
UL	1.12123	112	1	0	7	6	2	1	0	12761	28	0	49.1082 	0	0
DL	1.12137	112	1	1	1	6	2	1	0	11663	26	0	26.2472	0	0.0377313
UL	1.12148	112	1	1	7	6	2	1	0	12761	28	0	49.1128 	0	0
DL	1.12162	112	1	2	1	6	2	1	0	11663	26	0	26.2456	0	0.0377313
UL	1.12173	112	1	2	7	6	2	1	0	12761	28	0	49.1131 	0	0
DL	1.12187	112	1	3	1	6	2	1	0	11663	26	0	26.2531	0	0.0377313
UL	1.12198	112	1	3	7	6	2	1	0	12761	28	0	49.1182 	0	0
DL	1.12204	112	2	0	1	1	2	1	0	1946	26	0	26.249	0	0.00638976
UL	1.12223	112	2	0	2	11	2	1	0	23396	28	0	49.1149 	0	0
UL	1.12248	112	2	1	1	12	2	1	0	25523	28	0	49.1144 	0	0
UL	1.12273	112	2	2	1	12	2	1	0	25523	28	0	49.1135 	0	0
UL	1.12298	112	2	3	1	12	2	1	0	25523	28	0	49.1158 	0	0
UL	1.12323	112	3	0	1	12	2	1	0	25523	28	0	49.1118 	0	0
DL	1.12329	112	3	1	1	1	2	1	0	1946	26	0	26.2405	0	0.00638976
UL	1.12348	112	3	1	2	11	2	1	0	23396	28	0	49.1056 	0	0
UL	1.12373	112	3	2	1	12	2	1	0	25523	28	0	49.1032 	0	0
UL	1.12398	112	3	3	1	12	2	1	0	25523	28	0	49.104 	0	0
UL	1.12423	112	4	0	1	12	2	1	0	25523	28	0	49.1019 	0	0
UL	1.12448	112	4	1	1	12	2	1	0	25523	28	0	49.1031 	0	0
DL	1.12454	112	4	2	1	1	2	1	0	1946	26	0	26.2453	0	0.00638976
UL	1.12473	112	4	2	2	11	2	1	0	23396	28	0	49.1132 	0	0
UL	1.12496	112	4	3	1	11	2	1	0	23396	28	0	49.1122 	0	0
DL	1.13998	113	9	3	1	12	2	1	0	23327	26	0	26.245	0	0.0710664
DL	1.14023	114	0	0	1	12	2	1	0	23327	26	0	26.24	0	0.0710664
DL	1.14048	114	0	1	1	12	2	1	0	23327	26	0	26.2345	0	0.0710664
DL	1.14073	114	0	2	1	12	2	1	0	23327	26	0	26.2371	0	0.0710664
DL	1.14098	114	0	3	1	12	2	1	0	23327	26	0	26.2324	0	0.0710664
DL	1.14121	114	1	0	1	11	2	1	0	21384	26	0	26.2436	0	0.0650926
UL	1.14123	114	1	0	12	1	2	1	0	2126	28	0	49.1199 	0	0
DL	1.14146	114	1	1	1	11	2	1	0	21384	26	0	26.2494	0	0.0650926
UL	1.14148	114	1	1	12	1	2	1	0	2126	28	0	49.1157 	0	0
DL	1.14171	114	1	2	1	11	2	1	0	21384	26	0	26.2444	0	0.0650926
UL	1.14173	114	1	2	12	1	2	1	0	2126	28	0	49.1083 	0	0
DL	1.14198	114	1	3	1	12	2	1	0	23327	26	0	26.2408	0	0.0710664
DL	1.14223	114	2	0	1	12	2	1	0	23327	26	0	26.2405	0	0.0710664
DL	1.14248	114	2	1	1	12	2	1	0	23327	26	0	26.2414	0	0.0710664
DL	1.14273	114	2	2	1	12	2	1	0	23327	26	0	26.2445	1	0.0710664
DL	1.14296	114	2	3	1	11	2	1	0	21384	26	0	26.2457	0	0.0650926
UL	1.14298	114	2	3	12	1	2	1	0	2126	28	0	49.1117 	0	0
DL	1.14321	114	3	0	1	11	2	1	0	21384	26	0	26.2412	0	0.0650926
UL	1.14323	114	3	0	12	1	2	1	0	2126	28	0	49.1113 	0	0
DL	1.14346	114	3	1	1	11	2	1	0	21384	26	0	26.2404	0	0.0650926
UL	1.14348	114	3	1	12	1	2	1	0	2126	28	0	49.1108 	0	0
DL	1.14373	114	3	2	1	12	2	1	0	23327	26	1	26.2421	0	0
DL	1.14398	114	3	3	1	12	2	1	0	23327	26	0	26.2442	0	0.0710664
DL	1.14423	114	4	0	1	12	2	1	0	23327	26	0	26.2494	0	0.0710664
DL	1.14448	114	4	1	1	12	2	1	0	23327	26	0	26.2532	0	0.0710664
DL	1.14471	114	4	2	1	11	2	1	0	21384	26	0	26.265	0	0.0650926
UL	1.14473	114	4	2	12	1	2	1	0	2126	28	0	49.1371 	0	0
DL	1.14496	114	4	3	1	11	2	1	0	21384	26	0	26.2667	0	0.0650926
UL	1.14498	114	4	3	12	1	2	1	0	2126	28	0	49.1376 	0	0
DL	1.14521	114	5	0	1	11	2	1	0	21384	26	0	26.2696	0	0.0650926
UL	1.14523	114	5	0	12	1	2	1	0	2126	28	0	49.1367 	0	0
DL	1.14548	114	5	1	1	12	2	1	0	23327	26	0	26.2707	0	0.0710664
DL	1.14573	114	5	2	1	12	2	1	0	23327	26	0	26.2703	0	0.0710664
DL	1.14589	114	5	3	1	7	2	1	0	13610	26	0	26.2672	0	0.0408106
DL	1.14604	114	6	0	1	1	2	1	0	1946	26	0	26.2718	0	0.00638976
UL	1.14629	114	6	1	1	1	2	1	0	2126	28	0	49.1396 	0	0
UL	1.14654	114	6	2	1	1	2	1	0	2126	28	0	49.1376 	0	0
UL	1.14679	114	6	3	1	1	2	1	0	2126	28	0	49.1385 	0	0
UL	1.15773	115	7	2	1	12	2	1	0	25523	28	0	49.147 	0	0
UL	1.15798	115	7	3	1	12	2	1	0	25523	28	0	49.14 	0	0
UL	1.15823	115	8	0	1	12	2	1	0	25523	28	0	49.1388 	0	0
UL	1.15848	115	8	1	1	12	2	1	0	25523	28	0	49.1362 	0	0
DL	1.15854	115	8	2	1	1	2	1	0	1946	26	0	26.2746	0	0.00638976
UL	1.15873	115	8	2	2	11	2	1	0	23396	28	0	49.1432 	0	0
UL	1.15898	115	8	3	1	12	2	1	0	25523	28	0	49.1417 	0	0
UL	1.15923	115	9	0	1	12	2	1	0	25523	28	0	49.14 	0	0
UL	1.15948	115	9	1	1	12	2	1	0	25523	28	0	49.1401 	0	0
UL	1.15973	115	9	2	1	12	2	1	0	25523	28	0	49.1354 	0	0
DL	1.15979	115	9	3	1	1	2	1	0	1946	26	0	26.2684	0	0.00638976
UL	1.15998	115	9	3	2	11	2	1	0	23396	28	0	49.1392 	0	0
UL	1.16023	116	0	0	1	12	2	1	0	25523	28	0	49.1392 	0	0
UL	1.16048	116	0	1	1	12	2	1	0	25523	28	0	49.1445 	0	0
UL	1.16073	116	0	2	1	12	2	1	0	25523	28	0	49.1563 	0	0
UL	1.16098	116	0	3	1	12	2	1	0	25523	28	0	49.1527 	0	0
DL	1.16104	116	1	0	1	1	2	1	0	1946	26	0	26.28	0	0.00638976
UL	1.16123	116	1	0	2	11	2	1	0	23396	28	0	49.15 	0	0
UL	1.16148	116	1	1	1	12	2	1	0	25523	28	0	49.1523 	0	0
UL	1.16173	116	1	2	1	12	2	1	0	25523	28	0	49.149 	0	0
UL	1.16198	116	1	3	1	12	2	1	0	25523	28	0	49.1478 	0	0
UL	1.16223	116	2	0	1	12	2	1	0	25523	28	0	49.1503 	0	0
DL	1.16229	116	2	1	1	1	2	1	0	1946	26	0	26.2789	0	0.00638976
UL	1.16248	116	2	1	2	11	2	1	0	23396	28	0	49.1494 	0	0
UL	1.16273	116	2	2	1	12	2	1	0	25523	28	0	49.1443 	0	0
UL	1.16298	116	2	3	1	12	2	1	0	25523	28	0	49.1397 	0	0
UL	1.16323	116	3	0	1	12	2	1	0	25523	28	0	49.1359 	0	0
UL	1.16336	116	3	1	1	5	2	1	0	10634	28	0	49.1369 	0	0
DL	1.16354	116	3	2	1	1	2	1	0	1946	26	0	26.2644	0	0.00638976
DL	1.17848	117	8	1	1	12	2	1	0	23327	26	0	26.3166	0	0.0710664
DL	1.17873	117	8	2	1	12	2	1	0	23327	26	0	26.3128	0	0.0710664
DL	1.17898	117	8	3	1	12	2	1	0	23327	26	0	26.3095	0	0.0710664
DL	1.17923	117	9	0	1	12	2	1	0	23327	26	0	26.3045	1	0.0710664
DL	1.17948	117	9	1	1	12	2	1	0	23327	26	0	26.3083	0	0.0710664
DL	1.17971	117	9	2	1	11	2	1	0	21384	26	0	26.3119	0	0.0650926
UL	1.17973	117	9	2	12	1	2	1	0	2126	28	0	49.1821 	0	0
DL	1.17996	117	9	3	1	11	2	1	0	21384	26	0	26.3094	0	0.0650926
UL	1.17998	117	9	3	12	1	2	1	0	2126	28	0	49.1769 	0	0
DL	1.18023	118	0	0	1	12	2	1	0	23327	26	1	26.3034	0	0
DL	1.18046	118	0	1	1	11	2	1	0	21384	26	0	26.3057	0	0.0650926
UL	1.18048	118	0	1	12	1	2	1	0	2126	28	0	49.1733 	0	0
DL	1.18073	118	0	2	1	12	2	1	0	23327	26	0	26.2996	0	0.0710664
DL	1.18098	118	0	3	1	12	2	1	0	23327	26	0	26.2918	0	0.0710664
DL	1.18121	118	1	0	1	11	2	1	0	21384	26	0	26.2918	0	0.0650926
UL	1.18123	118	1	0	12	1	2	1	0	2126	28	0	49.1623 	0	0
DL	1.18148	118	1	1	1	12	2	1	0	23327	26	0	26.2862	0	0.0710664
DL	1.18171	118	1	2	1	11	2	1	0	21384	26	0	26.2854	0	0.0650926
UL	1.18173	118	1	2	12	1	2	1	0	2126	28	0	49.158 	0	0
DL	1.18198	118	1	3	1	12	2	1	0	23327	26	0	26.2878	0	0.0710664
DL	1.18223	118	2	0	1	12	2	1	0	23327	26	0	26.2848	0	0.0710664
DL	1.18248	118	2	1	1	12	2	1	0	23327	26	0	26.2842	0	0.0710664
DL	1.18273	118	2	2	1	12	2	1	0	23327	26	0	26.2774	0	0.0710664
DL	1.18296	118	2	3	1	11	2	1	0	21384	26	0	26.2691	0	0.0650926
UL	1.18298	118	2	3	12	1	2	1	0	2126	28	0	49.1367 	0	0
DL	1.18321	118	3	0	1	11	2	1	0	21384	26	0	26.2647	0	0.0650926
UL	1.18323	118	3	0	12	1	2	1	0	2126	28	0	49.1379 	0	0
DL	1.18346	118	3	1	1	11	2	1	0	21384	26	0	26.2666	0	0.0650926
UL	1.18348	118	3	1	12	1	2	1	0	2126	28	0	49.1376 	0	0
DL	1.18373	118	3	2	1	12	2	1	0	23327	26	0	26.263	0	0.0710664
DL	1.18398	118	3	3	1	12	2	1	0	23327	26	0	26.263	0	0.0710664
DL	1.18423	118	4	0	1	12	2	1	0	23327	26	0	26.2602	0	0.0710664
DL	1.18437	118	4	1	1	6	2	1	0	11663	26	0	26.2552	0	0.0377313
DL	1.18454	118	4	2	1	1	2	1	0	1946	26	0	26.2543	0	0.00638976
UL	1.18455	118	4	2	2	1	2	1	0	2126	28	0	49.126 	0	0
UL	1.18479	118	4	3	1	1	2	1	0	2126	28	0	49.1227 	0	0
UL	1.18504	118	5	0	1	1	2	1	0	2126	28	0	49.1188 	0	0
UL	1.19773	119	7	2	1	12	2	1	0	25523	28	0	49.1186 	0	0
UL	1.19798	119	7	3	1	12	2	1	0	25523	28	0	49.1201 	0	0
UL	1.19823	119	8	0	1	12	2	1	0	25523	28	0	49.1124 	0	0
UL	1.19848	119	8	1	1	12	2	1	0	25523	28	0	49.1078 	0	0
DL	1.19854	119	8	2	1	1	2	1	0	1946	26	0	26.2335	0	0.00638976
UL	1.19873	119	8	2	2	11	2	1	0	23396	28	0	49.1075 	0	0
UL	1.19898	119	8	3	1	12	2	1	0	25523	28	0	49.1059 	0	0
UL	1.19923	119	9	0	1	12	2	1	0	25523	28	0	49.1154 	0	0
UL	1.19948	119	9	1	1	12	2	1	0	25523	28	0	49.1198 	0	0
UL	1.19973	119	9	2	1	12	2	1	0	25523	28	0	49.1225 	0	0
DL	1.19979	119	9	3	1	1	2	1	0	1946	26	0	26.2433	1	0.00638976
UL	1.19998	119	9	3	2	11	2	1	0	23396	28	0	49.1206 	0	0
UL	1.20023	120	0	0	1	12	2	1	0	25523	28	0	49.1179 	0	0
UL	1.20048	120	0	1	1	12	2	1	0	25523	28	0	49.1149 	0	0
UL	1.20073	120	0	2	1	12	2	1	0	25523	28	0	49.1169 	0	0
DL	1.20079	120	0	3	1	1	2	1	0	1946	26	1	26.2486	0	0
DL	1.2008	120	0	3	2	1	2	1	0	1946	26	2	26.248	0	0.00638976
UL	1.20098	120	0	3	3	10	2	1	0	21269	28	0	49.1238 	0	0
DL	1.20104	120	1	0	1	1	2	1	0	1946	26	0	26.2589	0	0.00638976
UL	1.20123	120	1	0	2	11	2	1	0	23396	28	0	47.9503 	0	0.045002
UL	1.20148	120	1	1	1	12	2	1	0	25523	28	0	47.9513 	0	0.0488182
UL	1.20173	120	1	2	1	12	2	1	0	25523	28	0	47.9402 	0	0.0488182
UL	1.20198	120	1	3	1	12	2	1	0	25523	28	0	47.9416 	0	0.0488182
UL	1.20223	120	2	0	1	12	2	1	0	25523	28	0	47.9344 	0	0.0488182
DL	1.20229	120	2	1	1	1	2	1	0	1946	26	0	25.0463	1	1
UL	1.20248	120	2	1	2	11	2	1	0	23396	28	0	47.9336 	0	0.133284
UL	1.20273	120	2	2	1	12	2	1	0	25523	28	0	47.928 	0	0.143998
UL	1.20298	120	2	3	1	12	2	1	0	25523	28	0	47.9317 	0	0.143998
UL	1.20323	120	3	0	1	12	2	1	0	24425	27	0	47.9271 	0	0
DL	1.20329	120	3	1	1	1	2	1	0	1946	26	1	25.0406	0	0
DL	1.2033	120	3	1	2	1	2	1	0	1946	26	2	25.0415	1	1
UL	1.20343	120	3	1	3	7	2	1	0	14249	27	0	47.932 	0	0
DL	1.20354	120	3	2	1	1	2	1	0	1717	24	0	25.0442	1	0.913329
DL	1.20454	120	4	2	1	1	2	1	0	1717	24	1	25.0481	0	0
DL	1.20455	120	4	2	2	1	2	1	0	1717	24	2	25.048	1	0.913329
DL	1.21729	121	7	1	1	1	2	1	0	1717	24	0	25.0914	0	0
UL	1.21829	121	8	1	1	1	2	1	0	2038	27	0	47.9839 	0	0
UL	1.22548	122	5	1	1	12	2	1	0	24425	27	0	48.0092 	0	0
UL	1.22573	122	5	2	1	12	2	1	0	24425	27	0	48.0198 	0	0
UL	1.22598	122	5	3	1	12	2	1	0	24425	27	0	48.0249 	0	0
UL	1.22623	122	6	0	1	12	2	1	0	24425	27	0	48.0277 	0	0
DL	1.22629	122	6	1	1	1	2	1	0	1717	24	0	25.1363	1	0.913329
UL	1.22648	122	6	1	2	11	2	1	0	22390	27	0	48.026 	0	0
UL	1.22673	122	6	2	1	12	2	1	0	24425	27	0	48.0217 	0	0
UL	1.22698	122	6	3	1	12	2	1	0	24425	27	0	48.0269 	0	0
UL	1.22723	122	7	0	1	12	2	1	0	24425	27	0	48.0371 	0	0
DL	1.22729	122	7	1	1	1	2	1	0	1717	24	1	25.1531	0	0
DL	1.2273	122	7	1	2	1	2	1	0	1717	24	2	25.1538	1	0.913329
UL	1.22748	122	7	1	3	10	2	1	0	20355	27	0	48.0427 	0	0
DL	1.22754	122	7	2	1	1	2	1	0	1717	24	0	25.1495	0	0
UL	1.22773	122	7	2	2	11	2	1	0	22390	27	0	48.0374 	0	0
UL	1.22798	122	7	3	1	12	2	1	0	24425	27	0	48.031 	0	0
UL	1.22823	122	8	0	1	12	2	1	0	24425	27	0	48.0322 	0	0
UL	1.22848	122	8	1	1	12	2	1	0	24425	27	0	48.0415 	0	0
UL	1.22873	122	8	2	1	12	2	1	0	24425	27	0	48.0448 	0	0
DL	1.22879	122	8	3	1	1	2	1	0	1717	24	0	25.1485	0	0
UL	1.22898	122	8	3	2	11	2	1	0	22390	27	0	48.0395 	0	0
UL	1.22923	122	9	0	1	12	2	1	0	24425	27	0	48.0355 	0	0
UL	1.22948	122	9	1	1	12	2	1	0	24425	27	0	48.0421 	0	0
UL	1.22973	122	9	2	1	12	2	1	0	24425	27	0	48.0462 	0	0
UL	1.22998	122	9	3	1	12	2	1	0	24425	27	0	48.0486 	0	0
DL	1.23004	123	0	0	1	1	2	1	0	1717	24	0	25.1623	1	0.913329
UL	1.23023	123	0	0	2	11	2	1	0	22390	27	0	48.0537 	0	0
UL	1.23048	123	0	1	1	12	2	1	0	24425	27	0	48.0557 	0	0
UL	1.23073	123	0	2	1	12	2	1	0	24425	27	0	48.0533 	0	0
UL	1.23098	123	0	3	1	12	2	1	0	24425	27	0	48.0512 	0	0
DL	1.23104	123	1	0	1	1	2	1	0	1717	24	1	25.1592	0	0
DL	1.23105	123	1	0	2	1	2	1	0	1717	24	2	25.1609	1	0.913329
UL	1.23123	123	1	0	3	10	2	1	0	20355	27	0	48.0513 	0	0
DL	1.23129	123	1	1	1	1	2	1	0	1717	24	0	25.1658	1	0.913329
UL	1.23139	123	1	1	2	6	2	1	0	12214	27	0	48.0556 	0	0
DL	1.23229	123	2	1	1	1	2	1	0	1717	24	1	25.1728	0	0
DL	1.2323	123	2	1	2	1	2	1	0	1717	24	2	25.1727	1	0.913329
UL	1.25173	125	1	2	1	12	2	1	0	24425	27	0	48.0365 	0	0
UL	1.25198	125	1	3	1	12	2	1	0	24425	27	0	48.04 	0	0
UL	1.25223	125	2	0	1	12	2	1	0	24425	27	0	48.0402 	0	0
UL	1.25237	125	2	1	1	6	2	1	0	12214	27	0	48.036 	0	0
DL	1.25254	125	2	2	1	1	2	1	0	1717	24	0	25.1533	0	0
DL	1.25648	125	6	1	1	12	2	1	0	20584	24	0	25.1603	0	0.0178469
DL	1.25673	125	6	2	1	12	2	1	0	20584	24	0	25.1655	0	0
DL	1.25698	125	6	3	1	12	2	1	0	20584	24	0	25.167	0	0.0178469
DL	1.25723	125	7	0	1	12	2	1	0	20584	24	0	25.1674	0	0.0178469
DL	1.25748	125	7	1	1	12	2	1	0	20584	24	0	25.1667	0	0.0178469
DL	1.25771	125	7	2	1	11	2	1	0	18870	24	0	25.1774	0	0.0160767
UL	1.25773	125	7	2	12	1	2	1	0	2038	27	0	48.0626 	0	0
DL	1.25796	125	7	3	1	11	2	1	0	18870	24	0	25.1796	0	0.0160767
UL	1.25798	125	7	3	12	1	2	1	0	2038	27	0	48.067 	0	0
DL	1.25821	125	8	0	1	11	2	1	0	18870	24	0	25.1788	0	0.0160767
UL	1.25823	125	8	0	12	1	2	1	0	2038	27	0	48.0661 	0	0
DL	1.25848	125	8	1	1	12	2	1	0	20584	24	0	25.1796	0	0.0178469
DL	1.25873	125	8	2	1	12	2	1	0	20584	24	0	25.1755	0	0.0178469
DL	1.25898	125	8	3	1	12	2	1	0	20584	24	0	25.1705	0	0.0178469
DL	1.25923	125	9	0	1	12	2	1	0	20584	24	0	25.1779	0	0.0178469
DL	1.25946	125	9	1	1	11	2	1	0	18870	24	0	25.1709	0	0.0160767
UL	1.25948	125	9	1	12	1	2	1	0	2126	28	0	48.0636 	0	0.00598801
DL	1.25971	125	9	2	1	11	2	1	0	18870	24	0	25.1749	0	0.0160767
UL	1.25973	125	9	2	12	1	2	1	0	2126	28	0	48.0681 	0	0.00598801
DL	1.25996	125	9	3	1	11	2	1	0	18870	24	0	25.177	0	0.0160767
UL	1.25998	125	9	3	12	1	2	1	0	2126	28	0	48.0643 	0	0.00598801
DL	1.26023	126	0	0	1	12	2	1	0	20584	24	0	25.179	0	0.0178469
DL	1.26048	126	0	1	1	12	2	1	0	20584	24	0	25.182	0	0.0178469
DL	1.26073	126	0	2	1	12	2	1	0	20584	24	0	25.1874	0	0.0178469
DL	1.26098	126	0	3	1	12	2	1	0	20584	24	0	25.1835	0	0.0178469
DL	1.26121	126	1	0	1	11	2	1	0	18870	24	0	25.1875	0	0.0160767
UL	1.26123	126	1	0	12	1	2	1	0	2126	28	0	48.0692 	0	0.00598801
DL	1.26146	126	1	1	1	11	2	1	0	18870	24	0	25.1821	0	0.0160767
UL	1.26148	126	1	1	12	1	2	1	0	2126	28	0	48.0697 	0	0.00598801
DL	1.26171	126	1	2	1	11	2	1	0	18870	24	0	25.179	0	0.0160767
UL	1.26173	126	1	2	12	1	2	1	0	2126	28	0	48.0636 	0	0.00598801
DL	1.26198	126	1	3	1	12	2	1	0	20584	24	0	25.1809	0	0.0178469
DL	1.26223	126	2	0	1	12	2	1	0	20584	24	0	25.1784	0	0.0178469
DL	1.26248	126	2	1	1	12	2	1	0	20584	24	0	25.1818	0	0.0178469
DL	1.26273	126	2	2	1	12	2	1	0	20584	24	0	25.1853	0	0.0178469
DL	1.26289	126	2	3	1	7	2	1	0	12007	24	0	25.1831	0	0.0107467
UL	1.26291	126	2	3	8	1	2	1	0	2126	28	0	48.0667 	0	0.00598801
DL	1.26304	126	3	0	1	1	2	1	0	1717	24	0	25.1878	0	0.0307597
UL	1.26305	126	3	0	2	1	2	1	0	2126	28	0	48.0747 	0	0.00598801
UL	1.26329	126	3	1	1	1	2	1	0	2126	28	0	48.0742 	0	0.00598801
UL	1.26548	126	5	1	1	12	2	1	0	25523	28	0	48.0603 	0	0.0488182
UL	1.26573	126	5	2	1	12	2	1	0	25523	28	0	48.0659 	0	0.0488182
UL	1.26598	126	5	3	1	12	2	1	0	25523	28	0	48.0675 	0	0.0488182
UL	1.26623	126	6	0	1	12	2	1	0	25523	28	0	48.0603 	0	0.0488182
DL	1.26629	126	6	1	1	1	2	1	0	1717	24	0	25.1761	0	0.0307597
UL	1.26648	126	6	1	2	11	2	1	0	23396	28	0	48.064 	0	0.045002
UL	1.26673	126	6	2	1	12	2	1	0	25523	28	0	48.0678 	0	0.0488182
UL	1.26698	126	6	3	1	12	2	1	0	25523	28	0	48.0639 	0	0.0488182
UL	1.26723	126	7	0	1	12	2	1	0	25523	28	0	48.0627 	0	0.0488182
UL	1.26748	126	7	1	1	12	2	1	0	25523	28	0	48.0591 	0	0.0440413
DL	1.26754	126	7	2	1	1	2	1	0	1717	24	0	25.1718	0	0.0307597
UL	1.26773	126	7	2	2	11	2	1	0	23396	28	0	48.0564 	0	0.0405905
UL	1.26798	126	7	3	1	12	2	1	0	25523	28	0	48.0538 	0	0.0440413
UL	1.26823	126	8	0	1	12	2	1	0	25523	28	0	48.0542 	0	0.0440413
UL	1.26848	126	8	1	1	12	2	1	0	25523	28	0	48.0573 	0	0.0440413
UL	1.26873	126	8	2	1	12	2	1	0	25523	28	0	48.0695 	0	0.0440413
DL	1.26879	126	8	3	1	1	2	1	0	1717	24	0	25.1834	0	0.0307597
UL	1.26898	126	8	3	2	11	2	1	0	23396	28	0	48.0689 	0	0.0405905
UL	1.26923	126	9	0	1	12	2	1	0	25523	28	0	48.0715 	0	0.0440413
UL	1.26948	126	9	1	1	12	2	1	0	25523	28	0	48.0757 	0	0.0440413
UL	1.26973	126	9	2	1	12	2	1	0	25523	28	0	48.0722 	0	0.0440413
UL	1.26998	126	9	3	1	12	2	1	0	25523	28	0	48.0698 	0	0.0440413
DL	1.27004	127	0	0	1	1	2	1	0	1717	24	0	25.1773	0	0.0307597
UL	1.27023	127	0	0	2	11	2	1	0	23396	28	0	48.0632 	0	0.0405905
UL	1.27048	127	0	1	1	12	2	1	0	25523	28	0	48.067 	0	0.0440413
UL	1.27073	127	0	2	1	12	2	1	0	25523	28	0	48.0627 	0	0.0440413
UL	1.27098	127	0	3	1	12	2	1	0	25523	28	0	48.0627 	0	0.0440413
UL	1.27111	127	1	0	1	5	2	1	0	10634	28	0	48.0592 	0	0.0196228
DL	1.27129	127	1	1	1	1	2	1	0	1717	24	0	25.1781	0	0.0307597
UL	1.29136	129	1	1	1	5	2	1	0	10634	28	0	48.0445 	0	0.00767311
UL	1.29161	129	1	2	1	5	2	1	0	10634	28	0	48.0466 	0	0.00767311
UL	1.29186	129	1	3	1	5	2	1	0	10634	28	0	48.0488 	0	0.00767311
DL	1.29229	129	2	1	1	1	2	1	0	1717	24	0	25.1636	0	0.0307597
DL	1.29623	129	6	0	1	12	2	1	0	20584	24	0	25.1403	0	0.0178469
DL	1.29648	129	6	1	1	12	2	1	0	20584	24	0	25.1416	0	0.0178469
DL	1.29673	129	6	2	1	12	2	1	0	20584	24	0	25.1439	0	0.0178469
DL	1.29698	129	6	3	1	12	2	1	0	20584	24	0	25.1462	0	0.0178469
DL	1.29723	129	7	0	1	12	2	1	0	20584	24	0	25.1559	0	0.0178469
DL	1.29746	129	7	1	1	11	2	1	0	18870	24	0	25.1553	0	0.0160767
UL	1.29748	129	7	1	12	1	2	1	0	2126	28	0	48.0483 	0	0.00209853
DL	1.29771	129	7	2	1	11	2	1	0	18870	24	0	25.1635	1	0.0160767
UL	1.29773	129	7	2	12	1	2	1	0	2126	28	0	48.0463 	0	0.00209853
DL	1.29796	129	7	3	1	11	2	1	0	18870	24	0	25.1591	0	0.0160767
UL	1.29798	129	7	3	12	1	2	1	0	2126	28	0	48.0475 	0	0.00209853
DL	1.29823	129	8	0	1	12	2	1	0	20584	24	0	25.1642	0	0.0178469
DL	1.29848	129	8	1	1	12	2	1	0	20584	24	0	25.1679	0	0.0178469
DL	1.29871	129	8	2	1	11	2	1	0	18870	24	1	25.1641	0	0
DL	1.29896	129	8	3	1	11	2	1	0	18870	24	2	25.1668	0	0.0160767
DL	1.29921	129	9	0	1	11	2	1	0	18870	24	0	25.1622	0	0.0160767
UL	1.29923	129	9	0	12	1	2	1	0	2126	28	0	48.0491 	0	0.00179892
DL	1.29946	129	9	1	1	11	2	1	0	18870	24	0	25.1644	0	0.0160767
UL	1.29948	129	9	1	12	1	2	1	0	2126	28	0	48.0515 	0	0.00179892
DL	1.29971	129	9	2	1	11	2	1	0	18870	24	0	25.1617	0	0.0160767
UL	1.29973	129	9	2	12	1	2	1	0	2126	28	0	48.0431 	0	0.00179892
DL	1.29998	129	9	3	1	12	2	1	0	20584	24	0	25.1572	0	0.0178469
DL	1.30023	130	0	0	1	12	2	1	0	20584	24	0	25.1554	0	0.0178469
DL	1.30048	130	0	1	1	12	2	1	0	20584	24	0	25.1651	0	0.0178469
DL	1.30073	130	0	2	1	12	2	1	0	20584	24	0	25.1659	0	0.0178469
DL	1.30096	130	0	3	1	11	2	1	0	18870	24	0	25.1583	0	0.0160767
UL	1.30098	130	0	3	12	1	2	1	0	2126	28	0	48.0391 	0	0.00179892
DL	1.30121	130	1	0	1	11	2	1	0	18870	24	0	25.1576	0	0.0160767
UL	1.30123	130	1	0	12	1	2	1	0	2126	28	0	54.8703 	0	0
DL	1.30146	130	1	1	1	11	2	1	0	18870	24	0	31.9973	0	0
UL	1.30148	130	1	1	12	1	2	1	0	2126	28	0	54.8714 	0	0
DL	1.30173	130	1	2	1	12	2	1	0	20584	24	0	31.9974	0	0
DL	1.30198	130	1	3	1	12	2	1	0	20584	24	0	31.9953	0	0
DL	1.30223	130	2	0	1	12	2	1	0	23327	26	0	31.9872	0	0
DL	1.30248	130	2	1	1	12	2	1	0	23327	26	0	31.9837	0	0
DL	1.30271	130	2	2	1	11	2	1	0	21384	26	0	31.9856	0	0
UL	1.30273	130	2	2	12	1	2	1	0	2126	28	0	54.8648 	0	0
DL	1.30296	130	2	3	1	11	2	1	0	21384	26	0	31.9891	0	0
UL	1.30298	130	2	3	12	1	2	1	0	2126	28	0	54.8638 	0	0
DL	1.30307	130	3	0	1	3	2	1	0	5833	26	0	31.9891	0	0
UL	1.30309	130	3	0	4	1	2	1	0	2126	28	0	54.8612 	0	0
UL	1.30429	130	4	1	1	1	2	1	0	2126	28	0	54.8627 	0	0
UL	1.30548	130	5	1	1	12	2	1	0	25523	28	0	54.8636 	0	0
UL	1.30573	130	5	2	1	12	2	1	0	25523	28	0	54.861 	0	0
UL	1.30598	130	5	3	1	12	2	1	0	25523	28	0	54.858 	0	0
UL	1.30623	130	6	0	1	12	2	1	0	25523	28	0	54.8564 	0	0
DL	1.30629	130	6	1	1	1	2	1	0	1946	26	0	31.9935	0	0
UL	1.30648	130	6	1	2	11	2	1	0	23396	28	0	54.8674 	0	0
UL	1.30673	130	6	2	1	12	2	1	0	25523	28	0	54.8677 	0	0
UL	1.30698	130	6	3	1	12	2	1	0	25523	28	0	54.8659 	0	0
UL	1.30723	130	7	0	1	12	2	1	0	25523	28	0	54.8606 	0	0
UL	1.30748	130	7	1	1	12	2	1	0	25523	28	0	54.8579 	0	0
DL	1.30754	130	7	2	1	1	2	1	0	1946	26	0	31.9762	0	0
UL	1.30773	130	7	2	2	11	2	1	0	23396	28	0	54.8529 	0	0
UL	1.30798	130	7	3	1	12	2	1	0	25523	28	0	54.857 	0	0
UL	1.30823	130	8	0	1	12	2	1	0	25523	28	0	54.857 	0	0
UL	1.30848	130	8	1	1	12	2	1	0	25523	28	0	54.8541 	0	0
UL	1.30873	130	8	2	1	12	2	1	0	25523	28	0	54.8565 	0	0
DL	1.30879	130	8	3	1	1	2	1	0	1946	26	0	31.9783	0	0
UL	1.30898	130	8	3	2	11	2	1	0	23396	28	0	54.8522 	0	0
UL	1.30923	130	9	0	1	12	2	1	0	25523	28	0	54.8575 	0	0
UL	1.30948	130	9	1	1	12	2	1	0	25523	28	0	54.8559 	0	0
UL	1.30973	130	9	2	1	12	2	1	0	25523	28	0	54.8549 	0	0
UL	1.30998	130	9	3	1	12	2	1	0	25523	28	0	54.8495 	0	0
DL	1.31004	131	0	0	1	1	2	1	0	1946	26	0	31.9708	0	0
UL	1.31023	131	0	0	2	11	2	1	0	23396	28	0	54.8456 	0	0
UL	1.31048	131	0	1	1	12	2	1	0	25523	28	0	54.8481 	0	0
UL	1.31073	131	0	2	1	12	2	1	0	25523	28	0	54.8399 	0	0
UL	1.31098	131	0	3	1	12	2	1	0	25523	28	0	54.8375 	0	0
UL	1.31111	131	1	0	1	5	2	1	0	10634	28	0	54.845 	0	0
DL	1.31129	131	1	1	1	1	2	1	0	1946	26	0	31.969	0	0
UL	1.33136	133	1	1	1	5	2	1	0	10634	28	0	54.848 	0	0
UL	1.33161	133	1	2	1	5	2	1	0	10634	28	0	54.8519 	0	0
UL	1.33186	133	1	3	1	5	2	1	0	10634	28	0	54.8536 	0	0
DL	1.33229	133	2	1	1	1	2	1	0	1946	26	0	31.9771	0	0
DL	1.33623	133	6	0	1	12	2	1	0	23327	26	0	31.9882	0	0
DL	1.33648	133	6	1	1	12	2	1	0	23327	26	0	31.9852	0	0
DL	1.33673	133	6	2	1	12	2	1	0	23327	26	0	31.985	0	0
DL	1.33698	133	6	3	1	12	2	1	0	23327	26	0	31.9908	0	0
DL	1.33723	133	7	0	1	12	2	1	0	23327	26	0	31.9845	0	0
DL	1.33746	133	7	1	1	11	2	1	0	21384	26	0	31.986	0	0
UL	1.33748	133	7	1	12	1	2	1	0	2126	28	0	54.8609 	0	0
DL	1.33771	133	7	2	1	11	2	1	0	21384	26	0	31.9878	0	0
UL	1.33773	133	7	2	12	1	2	1	0	2126	28	0	54.8582 	0	0
DL	1.33796	133	7	3	1	11	2	1	0	21384	26	0	31.9861	0	0
UL	1.33798	133	7	3	12	1	2	1	0	2126	28	0	54.859 	0	0
DL	1.33823	133	8	0	1	12	2	1	0	23327	26	0	31.9869	0	0
DL	1.33848	133	8	1	1	12	2	1	0	23327	26	0	31.9932	0	0
DL	1.33873	133	8	2	1	12	2	1	0	23327	26	0	31.9925	0	0
DL	1.33898	133	8	3	1	12	2	1	0	23327	26	0	32.0063	0	0
DL	1.33921	133	9	0	1	11	2	1	0	21384	26	0	32.0014	0	0
UL	1.33923	133	9	0	12	1	2	1	0	2126	28	0	54.8746 	0	0
DL	1.33946	133	9	1	1	11	2	1	0	21384	26	0	32.0012	0	0
UL	1.33948	133	9	1	12	1	2	1	0	2126	28	0	54.8779 	0	0
DL	1.33971	133	9	2	1	11	2	1	0	21384	26	0	32.0067	0	0
UL	1.33973	133	9	2	12	1	2	1	0	2126	28	0	54.8884 	0	0
DL	1.33998	133	9	3	1	12	2	1	0	23327	26	0	32.0174	0	0
DL	1.34023	134	0	0	1	12	2	1	0	23327	26	0	32.0192	0	0
DL	1.34048	134	0	1	1	12	2	1	0	23327	26	0	32.0148	0	0
DL	1.34073	134	0	2	1	12	2	1	0	23327	26	0	32.0208	0	0
DL	1.34096	134	0	3	1	11	2	1	0	21384	26	0	32.0312	0	0
UL	1.34098	134	0	3	12	1	2	1	0	2126	28	0	54.907 	0	0
DL	1.34121	134	1	0	1	11	2	1	0	21384	26	0	32.0318	0	0
UL	1.34123	134	1	0	12	1	2	1	0	2126	28	0	54.9148 	0	0
DL	1.34146	134	1	1	1	11	2	1	0	21384	26	0	32.0407	0	0
UL	1.34148	134	1	1	12	1	2	1	0	2126	28	0	54.916 	0	0
DL	1.34173	134	1	2	1	12	2	1	0	23327	26	0	32.0443	0	0
DL	1.34189	134	1	3	1	7	2	1	0	13610	26	0	32.0351	0	0
DL	1.34204	134	2	0	1	1	2	1	0	1946	26	0	32.0452	0	0
UL	1.34254	134	2	2	1	1	2	1	0	2126	28	0	54.9147 	0	0
UL	1.34279	134	2	3	1	1	2	1	0	2126	28	0	54.9058 	0	0
UL	1.34304	134	3	0	1	1	2	1	0	2126	28	0	54.905 	0	0
UL	1.34548	134	5	1	1	12	2	1	0	25523	28	0	54.9027 	0	0
UL	1.34573	134	5	2	1	12	2	1	0	25523	28	0	54.8973 	0	0
UL	1.34598	134	5	3	1	12	2	1	0	25523	28	0	54.8908 	0	0
UL	1.34623	134	6	0	1	12	2	1	0	25523	28	0	54.8944 	0	0
DL	1.34629	134	6	1	1	1	2	1	0	1946	26	0	32.0141	0	0
UL	1.34648	134	6	1	2	11	2	1	0	23396	28	0	54.8887 	0	0
UL	1.34673	134	6	2	1	12	2	1	0	25523	28	0	54.897 	0	0
UL	1.34698	134	6	3	1	12	2	1	0	25523	28	0	54.8969 	0	0
UL	1.34723	134	7	0	1	12	2	1	0	25523	28	0	54.8908 	0	0
UL	1.34748	134	7	1	1	12	2	1	0	25523	28	0	54.892 	0	0
DL	1.34754	134	7	2	1	1	2	1	0	1946	26	0	32.0224	0	0
UL	1.34773	134	7	2	2	11	2	1	0	23396	28	0	54.8954 	0	0
UL	1.34798	134	7	3	1	12	2	1	0	25523	28	0	54.901 	0	0
UL	1.34823	134	8	0	1	12	2	1	0	25523	28	0	54.9029 	0	0
UL	1.34848	134	8	1	1	12	2	1	0	25523	28	0	54.9043 	0	0
UL	1.34873	134	8	2	1	12	2	1	0	25523	28	0	54.9043 	0	0
DL	1.34879	134	8	3	1	1	2	1	0	1946	26	0	32.0329	0	0
UL	1.34898	134	8	3	2	11	2	1	0	23396	28	0	54.9088 	0	0
UL	1.34923	134	9	0	1	12	2	1	0	25523	28	0	54.9047 	0	0
UL	1.34948	134	9	1	1	12	2	1	0	25523	28	0	54.9088 	0	0
UL	1.34973	134	9	2	1	12	2	1	0	25523	28	0	54.9019 	0	0
UL	1.34998	134	9	3	1	12	2	1	0	25523	28	0	54.8961 	0	0
DL	1.35004	135	0	0	1	1	2	1	0	1946	26	0	32.0229	0	0
UL	1.35023	135	0	0	2	11	2	1	0	23396	28	0	54.8961 	0	0
UL	1.35048	135	0	1	1	12	2	1	0	25523	28	0	54.9014 	0	0
UL	1.35073	135	0	2	1	12	2	1	0	25523	28	0	54.9006 	0	0
UL	1.35098	135	0	3	1	12	2	1	0	25523	28	0	54.9021 	0	0
UL	1.35111	135	1	0	1	5	2	1	0	10634	28	0	54.9097 	0	0
DL	1.35129	135	1	1	1	1	2	1	0	1946	26	0	32.0335	0	0
UL	1.37136	137	1	1	1	5	2	1	0	10634	28	0	54.9086 	0	0
UL	1.37161	137	1	2	1	5	2	1	0	10634	28	0	54.9069 	0	0
UL	1.37186	137	1	3	1	5	2	1	0	10634	28	0	54.9007 	0	0
DL	1.37229	137	2	1	1	1	2	1	0	1946	26	0	32.0277	0	0
DL	1.37623	137	6	0	1	12	2	1	0	23327	26	0	32.0293	0	0
DL	1.37648	137	6	1	1	12	2	1	0	23327	26	0	32.0347	0	0
DL	1.37673	137	6	2	1	12	2	1	0	23327	26	0	32.0274	0	0
DL	1.37698	137	6	3	1	12	2	1	0	23327	26	0	32.0256	0	0
DL	1.37723	137	7	0	1	12	2	1	0	23327	26	0	32.0247	0	0
DL	1.37746	137	7	1	1	11	2	1	0	21384	26	0	32.0245	0	0
UL	1.37748	137	7	1	12	1	2	1	0	2126	28	0	54.893 	0	0
DL	1.37771	137	7	2	1	11	2	1	0	21384	26	0	32.0174	0	0
UL	1.37773	137	7	2	12	1	2	1	0	2126	28	0	54.8901 	0	0
DL	1.37796	137	7	3	1	11	2	1	0	21384	26	0	32.0142	0	0
UL	1.37798	137	7	3	12	1	2	1	0	2126	28	0	54.8925 	0	0
DL	1.37823	137	8	0	1	12	2	1	0	23327	26	0	32.0173	0	0
DL	1.37848	137	8	1	1	12	2	1	0	23327	26	0	32.0185	0	0
DL	1.37873	137	8	2	1	12	2	1	0	23327	26	0	32.0198	0	0
DL	1.37898	137	8	3	1	12	2	1	0	23327	26	0	32.0207	0	0
DL	1.37921	137	9	0	1	11	2	1	0	21384	26	0	32.0218	0	0
UL	1.37923	137	9	0	12	1	2	1	0	2126	28	0	54.8959 	0	0
DL	1.37946	137	9	1	1	11	2	1	0	21384	26	0	32.0194	0	0
UL	1.37948	137	9	1	12	1	2	1	0	2126	28	0	54.9002 	0	0
DL	1.37971	137	9	2	1	11	2	1	0	21384	26	0	32.0233	0	0
UL	1.37973	137	9	2	12	1	2	1	0	2126	28	0	54.8919 	0	0
DL	1.37998	137	9	3	1	12	2	1	0	23327	26	0	32.0149	0	0
DL	1.38023	138	0	0	1	12	2	1	0	23327	26	0	32.0146	0	0
DL	1.38048	138	0	1	1	12	2	1	0	23327	26	0	32.0038	0	0
DL	1.38073	138	0	2	1	12	2	1	0	23327	26	0	32.0037	0	0
DL	1.38096	138	0	3	1	11	2	1	0	21384	26	0	32.0015	0	0
UL	1.38098	138	0	3	12	1	2	1	0	2126	28	0	54.8766 	0	0
DL	1.38121	138	1	0	1	11	2	1	0	21384	26	0	31.9971	0	0
UL	1.38123	138	1	0	12	1	2	1	0	2126	28	0	54.8721 	0	0
DL	1.38146	138	1	1	1	11	2	1	0	21384	26	0	31.9935	0	0
UL	1.38148	138	1	1	12	1	2	1	0	2126	28	0	54.8662 	0	0
DL	1.38173	138	1	2	1	12	2	1	0	23327	26	0	31.9949	0	0
DL	1.38189	138	1	3	1	7	2	1	0	13610	26	0	31.9984	0	0
DL	1.38204	138	2	0	1	1	2	1	0	1946	26	0	31.9978	0	0
UL	1.38254	138	2	2	1	1	2	1	0	2126	28	0	54.8697 	0	0
UL	1.38279	138	2	3	1	1	2	1	0	2126	28	0	54.8708 	0	0
UL	1.38304	138	3	0	1	1	2	1	0	2126	28	0	54.8817 	0	0
UL	1.38548	138	5	1	1	12	2	1	0	25523	28	0	54.8911 	0	0
UL	1.38573	138	5	2	1	12	2	1	0	25523	28	0	54.8957 	0	0
UL	1.38598	138	5	3	1	12	2	1	0	25523	28	0	54.8925 	0	0
UL	1.38623	138	6	0	1	12	2	1	0	25523	28	0	54.8918 	0	0
DL	1.38629	138	6	1	1	1	2	1	0	1946	26	0	32.0126	0	0
UL	1.38648	138	6	1	2	11	2	1	0	23396	28	0	54.8894 	0	0
UL	1.38673	138	6	2	1	12	2	1	0	25523	28	0	54.8863 	0	0
UL	1.38698	138	6	3	1	12	2	1	0	25523	28	0	54.8853 	0	0
UL	1.38723	138	7	0	1	12	2	1	0	25523	28	0	54.8842 	0	0
UL	1.38748	138	7	1	1	12	2	1	0	25523	28	0	54.881 	0	0
DL	1.38754	138	7	2	1	1	2	1	0	1946	26	0	32.011	0	0
UL	1.38773	138	7	2	2	11	2	1	0	23396	28	0	54.8887 	0	0
UL	1.38798	138	7	3	1	12	2	1	0	25523	28	0	54.888 	0	0
UL	1.38823	138	8	0	1	12	2	1	0	25523	28	0	54.8901 	0	0
UL	1.38848	138	8	1	1	12	2	1	0	25523	28	0	54.8858 	0	0
UL	1.38873	138	8	2	1	12	2	1	0	25523	28	0	54.8949 	0	0
DL	1.38879	138	8	3	1	1	2	1	0	1946	26	0	32.0149	0	0
UL	1.38898	138	8	3	2	11	2	1	0	23396	28	0	54.8911 	0	0
UL	1.38923	138	9	0	1	12	2	1	0	25523	28	0	54.8953 	0	0
UL	1.38948	138	9	1	1	12	2	1	0	25523	28	0	54.8926 	0	0
UL	1.38973	138	9	2	1	12	2	1	0	25523	28	0	54.8876 	0	0
UL	1.38998	138	9	3	1	12	2	1	0	25523	28	0	54.8882 	0	0
DL	1.39004	139	0	0	1	1	2	1	0	1946	26	0	32.0013	0	0
UL	1.39023	139	0	0	2	11	2	1	0	23396	28	0	54.8797 	0	0
UL	1.39048	139	0	1	1	12	2	1	0	25523	28	0	54.8776 	0	0
UL	1.39073	139	0	2	1	12	2	1	0	25523	28	0	54.8845 	0	0
UL	1.39098	139	0	3	1	12	2	1	0	25523	28	0	54.8849 	0	0
UL	1.39111	139	1	0	1	5	2	1	0	10634	28	0	54.8821 	0	0
DL	1.39129	139	1	1	1	1	2	1	0	1946	26	0	32.0085	0	0
UL	1.40079	140	0	3	1	1	2	1	0	2126	28	0	38.1848 	0	0.0754203
UL	1.40098	140	0	3	1	12	3	1	0	1094	0	0	69.5152 	0	0
UL	1.40104	140	1	0	1	1	2	1	0	2126	28	0	38.1789 	0	0.0754203
UL	1.40123	140	1	0	1	12	3	1	0	1094	0	0	69.5196 	0	0
UL	1.40129	140	1	1	1	1	2	1	0	2126	28	0	58.1383 	0	0
UL	1.40148	140	1	1	1	12	3	1	0	1094	0	0	69.5246 	0	0
DL	1.40154	140	1	2	1	1	2	1	0	1946	26	0	46.212	0	0
DL	1.40179	140	1	3	1	1	3	1	0	88	0	0	48.4195	0	0
DL	1.41623	141	6	0	1	12	2	1	0	25523	28	0	46.2314	0	0
DL	1.41648	141	6	1	1	12	2	1	0	25523	28	0	46.2303	0	0
DL	1.41673	141	6	2	1	12	2	1	0	25523	28	0	46.232	0	0
DL	1.41698	141	6	3	1	12	2	1	0	25523	28	0	46.2344	0	0
DL	1.41723	141	7	0	1	12	2	1	0	25523	28	0	46.2316	0	0
DL	1.41746	141	7	1	1	11	2	1	0	23396	28	0	46.2246	0	0
UL	1.41748	141	7	1	12	1	2	1	0	2126	28	0	69.1054 	0	0
DL	1.41771	141	7	2	1	11	2	1	0	23396	28	0	46.2243	0	0
UL	1.41773	141	7	2	12	1	2	1	0	2126	28	0	69.1014 	0	0
DL	1.41796	141	7	3	1	11	2	1	0	23396	28	0	46.216	0	0
UL	1.41798	141	7	3	12	1	2	1	0	2126	28	0	69.0961 	0	0
DL	1.41823	141	8	0	1	12	2	1	0	25523	28	0	46.2085	0	0
DL	1.41848	141	8	1	1	12	2	1	0	25523	28	0	46.2163	0	0
DL	1.41873	141	8	2	1	12	2	1	0	25523	28	0	46.2125	0	0
DL	1.41898	141	8	3	1	12	2	1	0	25523	28	0	46.2121	0	0
DL	1.41921	141	9	0	1	11	2	1	0	23396	28	0	46.2143	0	0
UL	1.41923	141	9	0	12	1	2	1	0	2126	28	0	69.1013 	0	0
DL	1.41946	141	9	1	1	11	2	1	0	23396	28	0	46.2176	0	0
UL	1.41948	141	9	1	12	1	2	1	0	2126	28	0	69.0942 	0	0
DL	1.41971	141	9	2	1	11	2	1	0	23396	28	0	46.2112	0	0
UL	1.41973	141	9	2	12	1	2	1	0	2126	28	0	69.0959 	0	0
DL	1.41998	141	9	3	1	12	2	1	0	25523	28	0	46.2132	0	0
DL	1.42023	142	0	0	1	12	2	1	0	25523	28	0	46.2122	0	0
DL	1.42048	142	0	1	1	12	2	1	0	25523	28	0	46.2085	0	0
DL	1.42073	142	0	2	1	12	2	1	0	25523	28	0	46.2114	0	0
DL	1.42096	142	0	3	1	11	2	1	0	23396	28	0	46.2129	0	0
UL	1.42098	142	0	3	12	1	2	1	0	2126	28	0	69.1018 	0	0
DL	1.42121	142	1	0	1	11	2	1	0	23396	28	0	46.2204	0	0
UL	1.42123	142	1	0	12	1	2	1	0	2126	28	0	69.1002 	0	0
DL	1.42137	142	1	1	1	6	2	1	0	12761	28	0	46.2176	0	0
UL	1.42139	142	1	1	7	1	2	1	0	2126	28	0	69.0987 	0	0
DL	1.42154	142	1	2	1	1	2	1	0	2126	28	0	46.2105	0	0
UL	1.42254	142	2	2	1	1	2	1	0	2126	28	0	69.0922 	0	0
UL	1.42279	142	2	3	1	1	2	1	0	2126	28	0	69.0947 	0	0
DL	1.51239	151	2	1	1	7	3	1	0	639	0	0	45.5705	0	0
UL	1.51354	151	3	2	1	1	3	1	0	88	0	0	68.1453 	0	0
UL	1.51773	151	7	2	1	12	3	1	0	25523	28	0	68.138 	0	0
UL	1.51798	151	7	3	1	12	3	1	0	25523	28	0	68.1329 	0	0
UL	1.51823	151	8	0	1	12	3	1	0	25523	28	0	68.1321 	0	0
UL	1.51848	151	8	1	1	12	3	1	0	25523	28	0	68.1389 	0	0
DL	1.51854	151	8	2	1	1	3	1	0	2126	28	0	45.5676	0	0
UL	1.51873	151	8	2	2	11	3	1	0	23396	28	0	68.1337 	0	0
UL	1.51898	151	8	3	1	12	3	1	0	25523	28	0	68.1288 	0	0
UL	1.51923	151	9	0	1	12	3	1	0	25523	28	0	68.1294 	0	0
UL	1.51948	151	9	1	1	12	3	1	0	25523	28	0	68.1248 	0	0
UL	1.51973	151	9	2	1	12	3	1	0	25523	28	0	68.1264 	0	0
DL	1.51979	151	9	3	1	1	3	1	0	2126	28	0	45.566	0	0
UL	1.51998	151	9	3	2	11	3	1	0	23396	28	0	68.1314 	0	0
UL	1.52023	152	0	0	1	12	3	1	0	25523	28	0	68.1313 	0	0
UL	1.52048	152	0	1	1	12	3	1	0	25523	28	0	68.1368 	0	0
UL	1.52073	152	0	2	1	12	3	1	0	25523	28	0	68.1359 	0	0
UL	1.52098	152	0	3	1	12	3	1	0	25523	28	0	68.1336 	0	0
DL	1.52104	152	1	0	1	1	3	1	0	2126	28	0	45.5668	0	0
UL	1.52123	152	1	0	2	11	3	1	0	23396	28	0	68.1336 	0	0
UL	1.52148	152	1	1	1	12	3	1	0	25523	28	0	68.1325 	0	0
UL	1.52173	152	1	2	1	12	3	1	0	25523	28	0	68.1336 	0	0
UL	1.52198	152	1	3	1	12	3	1	0	25523	28	0	68.1323 	0	0
UL	1.52223	152	2	0	1	12	3	1	0	25523	28	0	68.1384 	0	0
DL	1.52229	152	2	1	1	1	3	1	0	2126	28	0	45.5749	0	0
UL	1.52248	152	2	1	2	11	3	1	0	23396	28	0	68.1424 	0	0
UL	1.52273	152	2	2	1	12	3	1	0	25523	28	0	68.147 	0	0
UL	1.52298	152	2	3	1	12	3	1	0	25523	28	0	68.1421 	0	0
UL	1.52323	152	3	0	1	12	3	1	0	25523	28	0	68.1344 	0	0
UL	1.52336	152	3	1	1	5	3	1	0	10634	28	0	68.1317 	0	0
DL	1.52354	152	3	2	1	1	3	1	0	2126	28	0	45.5669	0	0
DL	1.53848	153	8	1	1	12	3	1	0	25523	28	0	45.6013	0	0
DL	1.53873	153	8	2	1	12	3	1	0	25523	28	0	45.6029	0	0
DL	1.53898	153	8	3	1	12	3	1	0	25523	28	0	45.6039	0	0
DL	1.53923	153	9	0	1	12	3	1	0	25523	28	0	45.604	0	0
DL	1.53948	153	9	1	1	12	3	1	0	25523	28	0	45.605	0	0
DL	1.53971	153	9	2	1	11	3	1	0	23396	28	0	45.5989	0	0
UL	1.53973	153	9	2	12	1	3	1	0	2126	28	0	68.1655 	0	0
DL	1.53996	153	9	3	1	11	3	1	0	23396	28	0	45.5955	0	0
UL	1.53998	153	9	3	12	1	3	1	0	2126	28	0	68.1686 	0	0
DL	1.54021	154	0	0	1	11	3	1	0	23396	28	0	45.5981	0	0
UL	1.54023	154	0	0	12	1	3	1	0	2126	28	0	68.1671 	0	0
DL	1.54048	154	0	1	1	12	3	1	0	25523	28	0	45.6002	0	0
DL	1.54073	154	0	2	1	12	3	1	0	25523	28	0	45.5997	0	0
DL	1.54098	154	0	3	1	12	3	1	0	25523	28	0	45.6019	0	0
DL	1.54123	154	1	0	1	12	3	1	0	25523	28	0	45.6091	0	0
DL	1.54146	154	1	1	1	11	3	1	0	23396	28	0	45.6141	0	0
UL	1.54148	154	1	1	12	1	3	1	0	2126	28	0	68.1864 	0	0
DL	1.54171	154	1	2	1	11	3	1	0	23396	28	0	45.6203	0	0
UL	1.54173	154	1	2	12	1	3	1	0	2126	28	0	68.1894 	0	0
DL	1.54196	154	1	3	1	11	3	1	0	23396	28	0	45.6241	0	0
UL	1.54198	154	1	3	12	1	3	1	0	2126	28	0	68.1929 	0	0
DL	1.54223	154	2	0	1	12	3	1	0	25523	28	0	45.624	0	0
DL	1.54248	154	2	1	1	12	3	1	0	25523	28	0	45.6255	0	0
DL	1.54273	154	2	2	1	12	3	1	0	25523	28	0	45.6264	0	0
DL	1.54298	154	2	3	1	12	3	1	0	25523	28	0	45.6291	0	0
DL	1.54321	154	3	0	1	11	3	1	0	23396	28	0	45.6294	0	0
UL	1.54323	154	3	0	12	1	3	1	0	2126	28	0	68.1914 	0	0
DL	1.54346	154	3	1	1	11	3	1	0	23396	28	0	45.6262	0	0
UL	1.54348	154	3	1	12	1	3	1	0	2126	28	0	68.187 	0	0
DL	1.54362	154	3	2	1	6	3	1	0	12761	28	0	45.6208	0	0
UL	1.54364	154	3	2	7	1	3	1	0	2126	28	0	68.1904 	0	0
DL	1.54379	154	3	3	1	1	3	1	0	2126	28	0	45.6252	0	0
UL	1.54479	154	4	3	1	1	3	1	0	2126	28	0	68.1869 	0	0
UL	1.54504	154	5	0	1	1	3	1	0	2126	28	0	68.1982 	0	0
UL	1.55773	155	7	2	1	12	3	1	0	25523	28	0	68.2072 	0	0
UL	1.55798	155	7	3	1	12	3	1	0	25523	28	0	68.2038 	0	0
UL	1.55823	155	8	0	1	12	3	1	0	25523	28	0	68.2075 	0	0
UL	1.55848	155	8	1	1	12	3	1	0	25523	28	0	68.2075 	0	0
DL	1.55854	155	8	2	1	1	3	1	0	2126	28	0	45.6396	0	0
UL	1.55873	155	8	2	2	11	3	1	0	23396	28	0	68.2095 	0	0
UL	1.55898	155	8	3	1	12	3	1	0	25523	28	0	68.2094 	0	0
UL	1.55923	155	9	0	1	12	3	1	0	25523	28	0	68.2103 	0	0
UL	1.55948	155	9	1	1	12	3	1	0	25523	28	0	68.2112 	0	0
UL	1.55973	155	9	2	1	12	3	1	0	25523	28	0	68.2116 	0	0
DL	1.55979	155	9	3	1	1	3	1	0	2126	28	0	45.6499	0	0
UL	1.55998	155	9	3	2	11	3	1	0	23396	28	0	68.217 	0	0
UL	1.56023	156	0	0	1	12	3	1	0	25523	28	0	68.2146 	0	0
UL	1.56048	156	0	1	1	12	3	1	0	25523	28	0	68.2147 	0	0
UL	1.56073	156	0	2	1	12	3	1	0	25523	28	0	68.2169 	0	0
UL	1.56098	156	0	3	1	12	3	1	0	25523	28	0	68.2145 	0	0
DL	1.56104	156	1	0	1	1	3	1	0	2126	28	0	45.6448	0	0
UL	1.56123	156	1	0	2	11	3	1	0	23396	28	0	68.2138 	0	0
UL	1.56148	156	1	1	1	12	3	1	0	25523	28	0	68.2121 	0	0
UL	1.56173	156	1	2	1	12	3	1	0	25523	28	0	68.2079 	0	0
UL	1.56198	156	1	3	1	12	3	1	0	25523	28	0	68.2069 	0	0
UL	1.56223	156	2	0	1	12	3	1	0	25523	28	0	68.2094 	0	0
DL	1.56229	156	2	1	1	1	3	1	0	2126	28	0	45.6341	0	0
UL	1.56248	156	2	1	2	11	3	1	0	23396	28	0	68.2019 	0	0
UL	1.56273	156	2	2	1	12	3	1	0	25523	28	0	68.1935 	0	0
UL	1.56298	156	2	3	1	12	3	1	0	25523	28	0	68.1954 	0	0
UL	1.56323	156	3	0	1	12	3	1	0	25523	28	0	68.1896 	0	0
UL	1.56336	156	3	1	1	5	3	1	0	10634	28	0	68.1861 	0	0
DL	1.56354	156	3	2	1	1	3	1	0	2126	28	0	45.6206	0	0
DL	1.57848	157	8	1	1	12	3	1	0	25523	28	0	45.649	0	0
DL	1.57873	157	8	2	1	12	3	1	0	25523	28	0	45.6406	0	0
DL	1.57898	157	8	3	1	12	3	1	0	25523	28	0	45.6413	0	0
DL	1.57923	157	9	0	1	12	3	1	0	25523	28	0	45.6445	0	0
DL	1.57948	157	9	1	1	12	3	1	0	25523	28	0	45.6405	0	0
DL	1.57971	157	9	2	1	11	3	1	0	23396	28	0	45.6373	0	0
UL	1.57973	157	9	2	12	1	3	1	0	2126	28	0	68.2098 	0	0
DL	1.57996	157	9	3	1	11	3	1	0	23396	28	0	45.6452	0	0
UL	1.57998	157	9	3	12	1	3	1	0	2126	28	0	68.214 	0	0
DL	1.58021	158	0	0	1	11	3	1	0	23396	28	0	45.6463	0	0
UL	1.58023	158	0	0	12	1	3	1	0	2126	28	0	68.2086 	0	0
DL	1.58048	158	0	1	1	12	3	1	0	25523	28	0	45.6401	0	0
DL	1.58073	158	0	2	1	12	3	1	0	25523	28	0	45.6362	0	0
DL	1.58098	158	0	3	1	12	3	1	0	25523	28	0	45.6281	0	0
DL	1.58123	158	1	0	1	12	3	1	0	25523	28	0	45.624	0	0
DL	1.58146	158	1	1	1	11	3	1	0	23396	28	0	45.6201	0	0
UL	1.58148	158	1	1	12	1	3	1	0	2126	28	0	68.1945 	0	0
DL	1.58171	158	1	2	1	11	3	1	0	23396	28	0	45.627	0	0
UL	1.58173	158	1	2	12	1	3	1	0	2126	28	0	68.1976 	0	0
DL	1.58196	158	1	3	1	11	3	1	0	23396	28	0	45.6284	0	0
UL	1.58198	158	1	3	12	1	3	1	0	2126	28	0	68.2025 	0	0
DL	1.58223	158	2	0	1	12	3	1	0	25523	28	0	45.6353	0	0
DL	1.58248	158	2	1	1	12	3	1	0	25523	28	0	45.6344	0	0
DL	1.58273	158	2	2	1	12	3	1	0	25523	28	0	45.6333	0	0
DL	1.58298	158	2	3	1	12	3	1	0	25523	28	0	45.6275	0	0
DL	1.58321	158	3	0	1	11	3	1	0	23396	28	0	45.6272	0	0
UL	1.58323	158	3	0	12	1	3	1	0	2126	28	0	68.1976 	0	0
DL	1.58346	158	3	1	1	11	3	1	0	23396	28	0	45.6315	0	0
UL	1.58348	158	3	1	12	1	3	1	0	2126	28	0	68.2029 	0	0
DL	1.58362	158	3	2	1	6	3	1	0	12761	28	0	45.6374	0	0
UL	1.58364	158	3	2	7	1	3	1	0	2126	28	0	68.2029 	0	0
DL	1.58379	158	3	3	1	1	3	1	0	2126	28	0	45.6299	0	0
UL	1.58479	158	4	3	1	1	3	1	0	2126	28	0	68.1955 	0	0
UL	1.58504	158	5	0	1	1	3	1	0	2126	28	0	68.1925 	0	0
UL	1.59773	159	7	2	1	12	3	1	0	25523	28	0	68.2022 	0	0
UL	1.59798	159	7	3	1	12	3	1	0	25523	28	0	68.1984 	0	0
UL	1.59823	159	8	0	1	12	3	1	0	25523	28	0	68.2018 	0	0
UL	1.59848	159	8	1	1	12	3	1	0	25523	28	0	68.208 	0	0
DL	1.59854	159	8	2	1	1	3	1	0	2126	28	0	45.6388	0	0
UL	1.59873	159	8	2	2	11	3	1	0	23396	28	0	68.2052 	0	0
UL	1.59898	159	8	3	1	12	3	1	0	25523	28	0	68.209 	0	0
UL	1.59923	159	9	0	1	12	3	1	0	25523	28	0	68.2112 	0	0
UL	1.59948	159	9	1	1	12	3	1	0	25523	28	0	68.2087 	0	0
UL	1.59973	159	9	2	1	12	3	1	0	25523	28	0	68.212 	0	0
DL	1.59979	159	9	3	1	1	3	1	0	2126	28	0	45.6438	0	0
UL	1.59998	159	9	3	2	11	3	1	0	23396	28	0	68.2107 	0	0
UL	1.60023	160	0	0	1	12	3	1	0	25523	28	0	68.2117 	0	0
UL	1.60048	160	0	1	1	12	3	1	0	25523	28	0	68.2112 	0	0
UL	1.60073	160	0	2	1	12	3	1	0	25523	28	0	68.2133 	0	0
UL	1.60098	160	0	3	1	12	3	1	0	25523	28	0	68.2117 	0	0
DL	1.60104	160	1	0	1	1	3	1	0	2126	28	0	45.6445	0	0
UL	1.60123	160	1	0	2	11	3	1	0	23396	28	0	68.214 	0	0
UL	1.60148	160	1	1	1	12	3	1	0	25523	28	0	68.2174 	0	0
UL	1.60173	160	1	2	1	12	3	1	0	25523	28	0	68.2242 	0	0
UL	1.60198	160	1	3	1	12	3	1	0	25523	28	0	69.8498 	0	0
UL	1.60223	160	2	0	1	12	3	1	0	25523	28	0	69.8519 	0	0
DL	1.60229	160	2	1	1	1	3	1	0	2126	28	0	47.2804	0	0
UL	1.60248	160	2	1	2	11	3	1	0	23396	28	0	69.8459 	0	0
UL	1.60273	160	2	2	1	12	3	1	0	25523	28	0	69.8422 	0	0
UL	1.60298	160	2	3	1	12	3	1	0	25523	28	0	69.8443 	0	0
UL	1.60323	160	3	0	1	12	3	1	0	25523	28	0	69.8387 	0	0
UL	1.60336	160	3	1	1	5	3	1	0	10634	28	0	69.8412 	0	0
DL	1.60354	160	3	2	1	1	3	1	0	2126	28	0	47.2803	0	0
DL	1.61848	161	8	1	1	12	3	1	0	25523	28	0	47.2583	0	0
DL	1.61873	161	8	2	1	12	3	1	0	25523	28	0	47.2588	0	0
DL	1.61898	161	8	3	1	12	3	1	0	25523	28	0	47.2658	0	0
DL	1.61923	161	9	0	1	12	3	1	0	25523	28	0	47.2627	0	0
DL	1.61948	161	9	1	1	12	3	1	0	25523	28	0	47.2604	0	0
DL	1.61971	161	9	2	1	11	3	1	0	23396	28	0	47.2542	0	0
UL	1.61973	161	9	2	12	1	3	1	0	2126	28	0	69.8195 	0	0
DL	1.61996	161	9	3	1	11	3	1	0	23396	28	0	47.2549	0	0
UL	1.61998	161	9	3	12	1	3	1	0	2126	28	0	69.8252 	0	0
DL	1.62021	162	0	0	1	11	3	1	0	23396	28	0	47.2563	0	0
UL	1.62023	162	0	0	12	1	3	1	0	2126	28	0	69.8207 	0	0
DL	1.62048	162	0	1	1	12	3	1	0	25523	28	0	47.2572	0	0
DL	1.62073	162	0	2	1	12	3	1	0	25523	28	0	47.259	0	0
DL	1.62098	162	0	3	1	12	3	1	0	25523	28	0	47.2584	0	0
DL	1.62123	162	1	0	1	12	3	1	0	25523	28	0	47.2622	0	0
DL	1.62146	162	1	1	1	11	3	1	0	23396	28	0	47.258	0	0
UL	1.62148	162	1	1	12	1	3	1	0	2126	28	0	69.8292 	0	0
DL	1.62171	162	1	2	1	11	3	1	0	23396	28	0	47.2624	0	0
UL	1.62173	162	1	2	12	1	3	1	0	2126	28	0	69.8279 	0	0
DL	1.62196	162	1	3	1	11	3	1	0	23396	28	0	47.2596	0	0
UL	1.62198	162	1	3	12	1	3	1	0	2126	28	0	69.8322 	0	0
DL	1.62223	162	2	0	1	12	3	1	0	25523	28	0	47.2645	0	0
DL	1.62248	162	2	1	1	12	3	1	0	25523	28	0	47.266	0	0
DL	1.62273	162	2	2	1	12	3	1	0	25523	28	0	47.27	0	0
DL	1.62298	162	2	3	1	12	3	1	0	25523	28	0	47.2681	0	0
DL	1.62321	162	3	0	1	11	3	1	0	23396	28	0	47.2639	0	0
UL	1.62323	162	3	0	12	1	3	1	0	2126	28	0	69.8331 	0	0
DL	1.62346	162	3	1	1	11	3	1	0	23396	28	0	47.2691	0	0
UL	1.62348	162	3	1	12	1	3	1	0	2126	28	0	69.8303 	0	0
DL	1.62362	162	3	2	1	6	3	1	0	12761	28	0	47.2652	0	0
UL	1.62364	162	3	2	7	1	3	1	0	2126	28	0	69.828 	0	0
DL	1.62379	162	3	3	1	1	3	1	0	2126	28	0	47.2654	0	0
UL	1.62479	162	4	3	1	1	3	1	0	2126	28	0	69.829 	0	0
UL	1.62504	162	5	0	1	1	3	1	0	2126	28	0	69.8322 	0	0
UL	1.63773	163	7	2	1	12	3	1	0	25523	28	0	69.9097 	0	0
UL	1.63798	163	7	3	1	12	3	1	0	25523	28	0	69.9089 	0	0
UL	1.63823	163	8	0	1	12	3	1	0	25523	28	0	69.9037 	0	0
UL	1.63848	163	8	1	1	12	3	1	0	25523	28	0	69.9051 	0	0
DL	1.63854	163	8	2	1	1	3	1	0	2126	28	0	47.3327	0	0
UL	1.63873	163	8	2	2	11	3	1	0	23396	28	0	69.8997 	0	0
UL	1.63898	163	8	3	1	12	3	1	0	25523	28	0	69.9035 	0	0
UL	1.63923	163	9	0	1	12	3	1	0	25523	28	0	69.9085 	0	0
UL	1.63948	163	9	1	1	12	3	1	0	25523	28	0	69.91 	0	0
UL	1.63973	163	9	2	1	12	3	1	0	25523	28	0	69.9089 	0	0
DL	1.63979	163	9	3	1	1	3	1	0	2126	28	0	47.3407	0	0
UL	1.63998	163	9	3	2	11	3	1	0	23396	28	0	69.9077 	0	0
UL	1.64023	164	0	0	1	12	3	1	0	25523	28	0	69.9047 	0	0
UL	1.64048	164	0	1	1	12	3	1	0	25523	28	0	69.9047 	0	0
UL	1.64073	164	0	2	1	12	3	1	0	25523	28	0	69.9031 	0	0
UL	1.64098	164	0	3	1	12	3	1	0	25523	28	0	69.9085 	0	0
DL	1.64104	164	1	0	1	1	3	1	0	2126	28	0	47.3523	0	0
UL	1.64123	164	1	0	2	11	3	1	0	23396	28	0	69.9184 	0	0
UL	1.64148	164	1	1	1	12	3	1	0	25523	28	0	69.9184 	0	0
UL	1.64173	164	1	2	1	12	3	1	0	25523	28	0	69.9194 	0	0
UL	1.64198	164	1	3	1	12	3	1	0	25523	28	0	69.9248 	0	0
UL	1.64223	164	2	0	1	12	3	1	0	25523	28	0	69.9277 	0	0
DL	1.64229	164	2	1	1	1	3	1	0	2126	28	0	47.3665	0	0
UL	1.64248	164	2	1	2	11	3	1	0	23396	28	0	69.9311 	0	0
UL	1.64273	164	2	2	1	12	3	1	0	25523	28	0	69.9302 	0	0
UL	1.64298	164	2	3	1	12	3	1	0	25523	28	0	69.9295 	0	0
UL	1.64323	164	3	0	1	12	3	1	0	25523	28	0	69.9317 	0	0
UL	1.64336	164	3	1	1	5	3	1	0	10634	28	0	69.9298 	0	0
DL	1.64354	164	3	2	1	1	3	1	0	2126	28	0	47.3637	0	0
DL	1.65848	165	8	1	1	12	3	1	0	25523	28	0	47.3901	0	0
DL	1.65873	165	8	2	1	12	3	1	0	25523	28	0	47.3861	0	0
DL	1.65898	165	8	3	1	12	3	1	0	25523	28	0	47.3848	0	0
DL	1.65923	165	9	0	1	12	3	1	0	25523	28	0	47.3761	0	0
DL	1.65948	165	9	1	1	12	3	1	0	25523	28	0	47.3682	0	0
DL	1.65971	165	9	2	1	11	3	1	0	23396	28	0	47.3662	0	0
UL	1.65973	165	9	2	12	1	3	1	0	2126	28	0	69.9353 	0	0
DL	1.65996	165	9	3	1	11	3	1	0	23396	28	0	47.3672	0	0
UL	1.65998	165	9	3	12	1	3	1	0	2126	28	0	69.9332 	0	0
DL	1.66021	166	0	0	1	11	3	1	0	23396	28	0	47.3666	0	0
UL	1.66023	166	0	0	12	1	3	1	0	2126	28	0	69.9411 	0	0
DL	1.66048	166	0	1	1	12	3	1	0	25523	28	0	47.3775	0	0
DL	1.66073	166	0	2	1	12	3	1	0	25523	28	0	47.3769	0	0
DL	1.66098	166	0	3	1	12	3	1	0	25523	28	0	47.3751	0	0
DL	1.66123	166	1	0	1	12	3	1	0	25523	28	0	47.3771	0	0
DL	1.66146	166	1	1	1	11	3	1	0	23396	28	0	47.3752	0	0
UL	1.66148	166	1	1	12	1	3	1	0	2126	28	0	69.9366 	0	0
DL	1.66171	166	1	2	1	11	3	1	0	23396	28	0	47.3673	0	0
UL	1.66173	166	1	2	12	1	3	1	0	2126	28	0	69.9419 	0	0
DL	1.66196	166	1	3	1	11	3	1	0	23396	28	0	47.3777	0	0
UL	1.66198	166	1	3	12	1	3	1	0	2126	28	0	69.9508 	0	0
DL	1.66223	166	2	0	1	12	3	1	0	25523	28	0	47.3821	0	0
DL	1.66248	166	2	1	1	12	3	1	0	25523	28	0	47.3825	0	0
DL	1.66273	166	2	2	1	12	3	1	0	25523	28	0	47.3764	0	0
DL	1.66298	166	2	3	1	12	3	1	0	25523	28	0	47.3774	0	0
DL	1.66321	166	3	0	1	11	3	1	0	23396	28	0	47.3764	0	0
UL	1.66323	166	3	0	12	1	3	1	0	2126	28	0	69.946 	0	0
DL	1.66346	166	3	1	1	11	3	1	0	23396	28	0	47.3787	0	0
UL	1.66348	166	3	1	12	1	3	1	0	2126	28	0	69.9513 	0	0
DL	1.66362	166	3	2	1	6	3	1	0	12761	28	0	47.3872	0	0
UL	1.66364	166	3	2	7	1	3	1	0	2126	28	0	69.9546 	0	0
DL	1.66379	166	3	3	1	1	3	1	0	2126	28	0	47.3881	0	0
UL	1.66479	166	4	3	1	1	3	1	0	2126	28	0	69.9513 	0	0
UL	1.66504	166	5	0	1	1	3	1	0	2126	28	0	69.95 	0	0
UL	1.67773	167	7	2	1	12	3	1	0	25523	28	0	69.9052 	0	0
UL	1.67798	167	7	3	1	12	3	1	0	25523	28	0	69.9181 	0	0
UL	1.67823	167	8	0	1	12	3	1	0	25523	28	0	69.9266 	0	0
UL	1.67848	167	8	1	1	12	3	1	0	25523	28	0	69.9262 	0	0
DL	1.67854	167	8	2	1	1	3	1	0	2126	28	0	47.3568	0	0
UL	1.67873	167	8	2	2	11	3	1	0	23396	28	0	69.922 	0	0
UL	1.67898	167	8	3	1	12	3	1	0	25523	28	0	69.9211 	0	0
UL	1.67923	167	9	0	1	12	3	1	0	25523	28	0	69.9193 	0	0
UL	1.67948	167	9	1	1	12	3	1	0	25523	28	0	69.918 	0	0
UL	1.67973	167	9	2	1	12	3	1	0	25523	28	0	69.9258 	0	0
DL	1.67979	167	9	3	1	1	3	1	0	2126	28	0	47.3662	0	0
UL	1.67998	167	9	3	2	11	3	1	0	23396	28	0	69.9335 	0	0
UL	1.68023	168	0	0	1	12	3	1	0	25523	28	0	69.9338 	0	0
UL	1.68048	168	0	1	1	12	3	1	0	25523	28	0	69.9386 	0	0
UL	1.68073	168	0	2	1	12	3	1	0	25523	28	0	69.9382 	0	0
UL	1.68098	168	0	3	1	12	3	1	0	25523	28	0	69.9382 	0	0
DL	1.68104	168	1	0	1	1	3	1	0	2126	28	0	47.3729	0	0
UL	1.68123	168	1	0	2	11	3	1	0	23396	28	0	69.9383 	0	0
UL	1.68148	168	1	1	1	12	3	1	0	25523	28	0	69.9389 	0	0
UL	1.68173	168	1	2	1	12	3	1	0	25523	28	0	69.945 	0	0
UL	1.68198	168	1	3	1	12	3	1	0	25523	28	0	69.9479 	0	0
UL	1.68223	168	2	0	1	12	3	1	0	25523	28	0	69.9463 	0	0
DL	1.68229	168	2	1	1	1	3	1	0	2126	28	0	47.3835	0	0
UL	1.68248	168	2	1	2	11	3	1	0	23396	28	0	69.9514 	0	0
UL	1.68273	168	2	2	1	12	3	1	0	25523	28	0	69.9511 	0	0
UL	1.68298	168	2	3	1	12	3	1	0	25523	28	0	69.9537 	0	0
UL	1.68323	168	3	0	1	12	3	1	0	25523	28	0	69.9653 	0	0
UL	1.68336	168	3	1	1	5	3	1	0	10634	28	0	69.9658 	0	0
DL	1.68354	168	3	2	1	1	3	1	0	2126	28	0	47.401	0	0
