1,3,2,9,4,1.01884,0,1.01884,1.01884,11.5,0,11.5,11.5,0,0,0,0,2,0,2,2,11.5012,0,11.5012,11.5012,2.90857,0,2.90857,2.90857,
1,8,3,2,6,1.07143,0,1.07143,1.07143,0.500009,0,0.500009,0.500009,0,0,0,0,2,0,2,2,0.50072,0,0.50072,0.50072,2.90998,0,2.90998,2.90998,
1,7,3,5,5,1.25,0,1.25,1.25,0.500009,0,0.500009,0.500009,0,0,0,0,4,0,4,4,0.50072,0,0.50072,0.50072,2.73141,0,2.73141,2.73141,
1,15,5,5,5,1.07143,0,1.07143,1.07143,0,0,0,0,0,0,0,0,4,0,4,4,0,0,0,0,3.06071,0.33541,2.91071,3.66071,
1.1,19,6,8,6,1.19741,0,1.19741,1.19741,6.5,0,6.5,6.5,0,0,0,0,2,0,2,2,6.50116,0,6.50116,6.50116,2.74785,0,2.74785,2.74785,
1.1,3,2,9,6,1.01884,0,1.01884,1.01884,11.5,0,11.5,11.5,0,0,0,0,2,0,2,2,11.5012,0,11.5012,11.5012,2.90857,0,2.90857,2.90857,
1.1,8,3,2,6,1.07143,0,1.07143,1.07143,0.500009,0,0.500009,0.500009,0,0,0,0,2,0,2,2,0.50072,0,0.50072,0.50072,2.90998,0,2.90998,2.90998,
1.1,7,3,5,6,1.25,0,1.25,1.25,0.500009,0,0.500009,0.500009,0,0,0,0,4,0,4,4,0.50072,0,0.50072,0.50072,2.73141,0,2.73141,2.73141,
1.1,15,5,5,6,1.07143,0,1.07143,1.07143,0,0,0,0,0,0,0,0,4,0,4,4,0,0,0,0,2.95238,0.102062,2.91071,3.16071,
1.2,3,2,9,6,1.01884,0,1.01884,1.01884,11.5,0,11.5,11.5,0,0,0,0,2,0,2,2,11.5012,0,11.5012,11.5012,2.90857,0,2.90857,2.90857,
1.2,8,3,2,6,1.07143,0,1.07143,1.07143,0.500009,0,0.500009,0.500009,0,0,0,0,2,0,2,2,0.50072,0,0.50072,0.50072,2.90998,0,2.90998,2.90998,
1.2,7,3,5,7,1.25,0,1.25,1.25,0.500009,0,0.500009,0.500009,0,0,0,0,4,0,4,4,0.50072,0,0.50072,0.50072,2.73141,0,2.73141,2.73141,
1.2,15,5,5,7,1.07143,0,1.07143,1.07143,0,0,0,0,0,0,0,0,4,0,4,4,0,0,0,0,3.05357,0.283473,2.91071,3.66071,
