0.239268 25 6 60.285268 5 7 2
0.505268 17 8 2
0.0.655518 13 6 4
0.695268 19 7 0.0.726518 3 8 0.0.730518 19 6 0.0.738268 1 9 20.784518 3 6 4
0.831268 3 11 2
0.80.831268 17 0.830.834268 1 80.901268 9 12 2
1.01927 5 6 6
1.1.29827 3 9 5
1.35977 3 13 2
1.43127 13 8 4
1.60277 13 10 5
1.69927 13 14 2
1.75102 7 9 4
1.78127 6 10 4
1.84602 7 7 3
1.86602 6 15 2
1.87502 16 11 4
1.93227 16 11 5
2.02027 7 12 4
2.12052 13 13 4
2.13227 7 8 3
2.32502 13 16 2
2.61177 13 14 4
2.65877 5 15 4
2.73377 5 17 2
2.83552 3 9 3
2.88802 4 16 4
2.90602 13 18 2
2.93377 4 19 2
2.97677 3 20 2
2.99127 5 7 6
3.08152 5 21 2
3.09152 3 10 3
3.11852 13 17 4
3.24727 24 22 2
3.24977 7 18 4
3.25327 6 11 3
3.25877 15 12 3
3.28052 3 23 2
3.33377 7 13 3
3.35177 13 24 2
3.40477 15 19 4
3.42977 6 25 2
3.49327 22 26 2
3.49952 15 14 3
3.52152 4 20 4
3.52252 13 21 4
3.54977 3 15 3
3.60877 22 8 6
3.63452 4 27 2
3.67627 22 28 2
3.67977 6 16 3
3.68452 15 22 4
3.79777 13 12 5
3.85477 16 23 4
3.88052 6 9 6
3.90152 24 10 6
3.93377 13 24 4
3.93377 16 13 5
3.94152 22 11 6
3.94652 15 17 3
3.95952 3 25 4
3.99727 20 29 2
4.05652 20 14 5
4.05852 15 26 4
4.05877 6 18 3
4.06852 3 19 3
4.12552 13 30 2
4.13527 3 31 2
4.13527 6 32 2
4.18377 16 27 4
4.23452 16 15 5
4.24227 7 28 4
4.33527 7 20 3
4.36602 3 21 3
4.39827 6 22 3
4.42427 13 29 4
4.43627 24 33 2
4.45077 16 34 2
4.45427 17 35 2
4.56827 13 16 5
4.57127 24 12 6
4.57502 3 13 6
4.58877 4 17 5
4.59027 6 14 6
4.63452 16 18 5
4.63452 17 19 5
4.69952 6 36 2
4.72027 3 23 3
4.74252 13 30 4
4.75952 5 31 4
4.83452 5 37 2
4.86052 4 32 4
4.87477 3 33 4
4.91352 13 20 5
4.93527 4 21 5
5.05652 3 38 2
5.06527 5 15 6
5.15227 13 34 4
5.18227 5 39 2
5.23452 4 40 2
5.32927 13 41 2
5.36252 15 24 3
5.43627 3 25 3
5.46827 6 26 3
5.48252 4 22 5
5.48352 16 42 2
5.50327 15 35 4
5.53527 16 23 5
5.64177 4 36 4
5.71627 13 37 4
5.74927 6 38 4
5.75427 22 43 2
5.83627 4 44 2
5.86027 22 16 6
5.88127 6 45 2
5.93327 13 46 2
 28 5
5.44827 10 51 2
5.63627 18 29 5
5.70627 3 22 6
5.71527 19 32 4
5.80327 1 52 2
5.83627 19 30 5
5.85027 20 33 4
5.90027 1 23 6
5.97652 1 53 2
2
5.98902 21 24 3
5.99802 5 25 3
77 16 49 2
5.93527 3 50 2
5.95527 16 46 5
25 6
5.64827 5 61 2
5.68577 20 26 6
5.70227 4 62 2
5.70927 15 63 2
5.71527 16 27 6
5.74902 24 64 2
5.78752 20 19 5
5.83777 16 20 5
5.86027 19 65 2
5.89852 24 28 6
5.90377 4 5.7955.94627 1 35.835.97502 4 24 3
5.98727 5 25 3
5427 10 31 4
5.89152 19 25 5
5.89427 1 29 6
5.93527 18 26 5
4
5.73527 20 29 5
5.75952 11 31 4
5.78627 4 30 3
5.84427 24 31 3
5.89152 11 76 2
5.93527 5 21 6
5.93527 3 77 2
5.93527 4 78 2
6752 5 62 2
4.07552 13 22 4
4.11752 21 50 6
4.14052 7 23 4
4.19727 22 51 6
4.20427 4 63 2
4.20952 21 43 5
4.25927 1 24 4
4.26952 17 44 5
4.29452 4 52 6
4.29552 5 53 6
4.36827 7 16 3
4.36927 1 64 2
4.40852 20 65 2
4.41502 21 54 6
4.41627 4 66 2
4.44927 5 67 2
4.45002 13 68 2
4.49477 20 45 5
4.62527 22 46 5
4.62602 21 47 5
4.65652 13 25 4
4.66352 5 55 6
4.73852 4 56 6
4.74552 3 26 4
4.77327 20 69 2
4.80127 22 57 6
4.80952 20 48 5
4.81427 21 58 6
4.82627 2 17 3
4.83452 3 70 2
4.95952 13 71 2
4.95952 22 49 5
4.98752 2 50 5
5.01327 4 72 2
5.03652 7 27 4
5.03827 1 28 4
5.03927 5 73 2
5.05652 2 74 2
5.08252 13 29 4
5.09352 20 75 2
5.09552 14 18 3
5.13227 21 19 3
5.13527 17 76 2
5.15327 1 77 2
5.15602 22 59 6
5.17227 14 30 4
5.18827 7 20 3
5.20827 13 78 2
5.21277 7 31 4
5.23627 21 60 6
5.28452 17 51 5
5.31577 20 52 5
5.33527 13 32 4
5.35952 1 33 4
5.37702 7 21 3
5.42227 21 53 5
5.45052 1 79 2
5.47027 5 61 6
5.48327 4 62 6
5.48427 22 54 5
5.53527 22 63 6
5.60727 5 80 2
5.61827 4 81 2
5.66027 1 34 4
5.66027 7 35 4
5.66027 21 64 6
5.67727 2 22 3
5.76627 5 65 6
5.78127 7 23 3
5.81027 2 82 2
5.81927 4 66 6
5.85627 21 55 5
5.86627 1 83 2
5.92827 5 84 2
