0.2049 3 2 2 6
0.2371 3 7 6 3
0.2467 15 2 6 5
0.2607 9 1 5 4
0.3299 3 5 3 2
0.0.5017 11 7 2 0.5655 15 5 2 6
0.6923 15 8 6 5
0.7729 15 6 5 6
0.9377 15 9 6 5
1.1065 15 7 5 6
1.1315 14 3 5 2
1.1557 12 3 4 5
1.2175 9 4 4 2
1.2423 14 6 2 5
1.3525 12 8 5 4
1.3635 9 7 2 4
1.3815 15 10 6 5
1.4993 15 10 5 2
1.5037 4 3 2 3
1.5315 15 8 2 6
1.5437 14 9 5 611.5965 11 6 4 211.6553 14 11 6 511.7045 2 11 2 3
1.8565 15 12 5 6
2.0323 15 13 6 5
2.1315 9 6 4 2
2.1935 4 9 2 3
2.2323 4 7 3 2
2.3477 9 10 2 4
2.3985 15 13 5 6
2.4803 19 5 6 2
2.4989 14 9 5 2
2.5331 14 13 2 5
2.5429 4 11 2 32.6051 11 14 2 4
2.7499 11 9 4 2
3.1671 2 16 2 5
3.2955 2 13 5 2
3.5539 14 11 5 6
3.6087 2 18 2 3
3.6339 14 14 6 5
3.8021 2 8 3 2
3.9499 14 14 5 6
4.0985 2 19 2 5
4.1467 14 15 6 5
4.2071 2 15 5 2
4.2467 5 4 3 2
4.2819 11 17 2 4
4.3767 5 21 2 3
4.4367 14 16 5 6
4.4373 11 10 4 2
6339 2 1 6 2
3.6339 14 16 5 2
3.6825 4 19 2 4
3.7347 14 22 2 5
3.7527 4 11 4 2
3.8087 15 20 2 5
3.8527 9 10 4 2
3.8699 2 21 2 6
3.9097 15 19 5 6
3.9331 14 18 5 2
3.9347 19 15 6 2
3.9701 9 24 2 4
4.0355 14 25 2 5
4.0895 20 6 6 2
4.1347 15 18 6 2
4.1347 20 27 2 6
4.3069 15 28 2 5
18 6 5
4.23554.2467 9 124.3967 2 24 2 3
4.4327 14 21 5 6
4.4339 2 9 3 2
184.4573 14 13 5 6
