0.0005 2 1 27 500000 0
0.0005 3 1 27 500000 0
0.0021 2 1 27 500000 0
0.0021 3 1 27 500000 0
0.0037 2 1 27 500000 0
0.0037 3 1 27 500000 0
0.0053 2 1 27 500000 0
0.0053 3 1 27 500000 0
0.0069 2 1 27 500000 0
0.0069 3 1 27 500000 0
0.0085 2 1 27 500000 0
0.0085 3 1 27 500000 0
0.0101 2 1 27 500000 0
0.0101 3 1 27 500000 0
0.0117 2 1 27 500000 0
0.0117 3 1 27 500000 0
0.0133 2 1 27 500000 0
0.0133 3 1 27 500000 0
0.0149 2 1 27 500000 0
0.0149 3 1 27 500000 0
0.0165 2 1 27 500000 0
0.0165 3 1 27 500000 0
0.0181 2 1 27 500000 0
0.0181 3 1 27 500000 0
0.0197 2 1 27 500000 0
0.0197 3 1 27 500000 0
0.0213 2 1 27 500000 0
0.0213 3 1 27 500000 0
0.0229 2 1 27 500000 0
0.0229 3 1 27 500000 0
0.0245 2 1 27 500000 0
0.0245 3 1 27 500000 0
0.0261 2 1 27 500000 0
0.0261 3 1 27 500000 0
0.0277 2 1 27 500000 0
0.0277 3 1 27 500000 0
0.0293 2 1 27 500000 0
0.0293 3 1 27 500000 0
0.0309 2 1 27 500000 0
0.0309 3 1 27 500000 0
0.0325 2 1 27 500000 0
0.0325 3 1 27 500000 0
0.0341 2 1 27 500000 0
0.0341 3 1 27 500000 0
0.0357 2 1 27 500000 0
0.0357 3 1 27 500000 0
0.0373 2 1 27 500000 0
0.0373 3 1 27 500000 0
0.0389 2 1 27 500000 0
0.0389 3 1 27 500000 0
0.0405 2 1 27 500000 0
0.0405 3 1 27 500000 0
0.0421 2 1 27 500000 0
0.0421 3 1 27 500000 0
0.0437 2 1 27 500000 0
0.0437 3 1 27 500000 0
0.0452679 1 3 68 500001 0
0.0453 2 1 27 500000 0
0.0453 3 1 27 500000 0
0.0457679 3 1 15 500000 0
0.0469 2 1 27 500000 0
0.0469 3 1 27 500000 0
0.0485 2 1 27 500000 0
0.0485 3 1 27 500000 0
0.0501 2 1 27 500000 0
0.0501 3 1 27 500000 0
0.0517 2 1 27 500000 0
0.0517 3 1 27 500000 0
0.0533 2 1 27 500000 0
0.0533 3 1 27 500000 0
0.0549 2 1 27 500000 0
0.0549 3 1 27 500000 0
0.0565 2 1 27 500000 0
0.0565 3 1 27 500000 0
0.0581 2 1 27 500000 0
0.0581 3 1 27 500000 0
0.0597 2 1 27 500000 0
0.0597 3 1 27 500000 0
0.0613 2 1 27 500000 0
0.0613 3 1 27 500000 0
0.0629 2 1 27 500000 0
0.0629 3 1 27 500000 0
0.0645 2 1 27 500000 0
0.0645 3 1 27 500000 0
0.0661 2 1 27 500000 0
0.0661 3 1 27 500000 0
0.0677 2 1 27 500000 0
0.0677 3 1 27 500000 0
0.0693 2 1 27 500000 0
0.0693 3 1 27 500000 0
0.0709 2 1 27 500000 0
0.0709 3 1 27 500000 0
0.0725 2 1 27 500000 0
0.0725 3 1 27 500000 0
0.0741 2 1 27 500000 0
0.0741 3 1 27 500000 0
0.0757 2 1 27 500000 0
0.0757 3 1 27 500000 0
0.0773 2 1 27 500000 0
0.0773 3 1 27 500000 0
0.0789 2 1 27 500000 0
0.0789 3 1 27 500000 0
0.0805 2 1 27 500000 0
0.0805 3 1 27 500000 0
0.0821 2 1 27 500000 0
0.0821 3 1 27 500000 0
0.0837 2 1 27 500000 0
0.0837 3 1 27 500000 0
0.0853 2 1 27 500000 0
0.0853 3 1 27 500000 0
0.0869 2 1 27 500000 0
0.0869 3 1 27 500000 0
0.0885 2 1 27 500000 0
0.0885 3 1 27 500000 0
0.0901 2 1 27 500000 0
0.0901 3 1 27 500000 0
0.0917 2 1 27 500000 0
0.0917 3 1 27 500000 0
0.0933 2 1 27 500000 0
0.0933 3 1 27 500000 0
0.0949 2 1 27 500000 0
0.0949 3 1 27 500000 0
0.0965 2 1 27 500000 0
0.0965 3 1 27 500000 0
0.0981 2 1 27 500000 0
0.0981 3 1 27 500000 0
0.0997 2 1 27 500000 0
0.0997 3 1 27 500000 0
0.1013 2 1 27 500000 0
0.1013 3 1 27 500000 0
0.1029 2 1 27 500000 0
0.1029 3 1 27 500000 0
0.1045 2 1 27 500000 0
0.1045 3 1 27 500000 0
0.1061 2 1 27 500000 0
0.1061 3 1 27 500000 0
0.1077 2 1 27 500000 0
0.1077 3 1 27 500000 0
0.1093 2 1 27 500000 0
0.1093 3 1 27 500000 0
0.1109 2 1 27 500000 0
0.1109 3 1 27 500000 0
0.1125 2 1 27 500000 0
0.1125 3 1 27 500000 0
0.1141 2 1 27 500000 0
0.1141 3 1 27 500000 0
0.1157 2 1 27 500000 0
0.1157 3 1 27 500000 0
0.1173 2 1 27 500000 0
0.1173 3 1 27 500000 0
0.1189 2 1 27 500000 0
0.1189 3 1 27 500000 0
0.1205 2 1 27 500000 0
0.1205 3 1 27 500000 0
0.1221 2 1 27 500000 0
0.1221 3 1 27 500000 0
0.1237 2 1 27 500000 0
0.1237 3 1 27 500000 0
0.1253 2 1 27 500000 0
0.1253 3 1 27 500000 0
0.1269 2 1 27 500000 0
0.1269 3 1 27 500000 0
0.1285 2 1 27 500000 0
0.1285 3 1 27 500000 0
0.1301 2 1 27 500000 0
0.1301 3 1 27 500000 0
0.1317 2 1 27 500000 0
0.1317 3 1 27 500000 0
0.1333 2 1 27 500000 0
0.1333 3 1 27 500000 0
0.1349 2 1 27 500000 0
0.1349 3 1 27 500000 0
0.1365 2 1 27 500000 0
0.1365 3 1 27 500000 0
0.1381 2 1 27 500000 0
0.1381 3 1 27 500000 0
0.1397 2 1 27 500000 0
0.1397 3 1 27 500000 0
0.1413 2 1 27 500000 0
0.1413 3 1 27 500000 0
0.1429 2 1 27 500000 0
0.1429 3 1 27 500000 0
0.1445 2 1 27 500000 0
0.1445 3 1 27 500000 0
0.1461 2 1 27 500000 0
0.1461 3 1 27 500000 0
0.1477 2 1 27 500000 0
0.1477 3 1 27 500000 0
0.1493 2 1 27 500000 0
0.1493 3 1 27 500000 0
0.1509 2 1 27 500000 0
0.1509 3 1 27 500000 0
0.1525 2 1 27 500000 0
0.1525 3 1 27 500000 0
0.1541 2 1 27 500000 0
0.1541 3 1 27 500000 0
0.1557 2 1 27 500000 0
0.1557 3 1 27 500000 0
0.1573 2 1 27 500000 0
0.1573 3 1 27 500000 0
0.1589 2 1 27 500000 0
0.1589 3 1 27 500000 0
0.1605 2 1 27 500000 0
0.1605 3 1 27 500000 0
0.1621 2 1 27 500000 0
0.1621 3 1 27 500000 0
0.1637 2 1 27 500000 0
0.1637 3 1 27 500000 0
0.1653 2 1 27 500000 0
0.1653 3 1 27 500000 0
0.1669 2 1 27 500000 0
0.1669 3 1 27 500000 0
0.1685 2 1 27 500000 0
0.1685 3 1 27 500000 0
0.1701 2 1 27 500000 0
0.1701 3 1 27 500000 0
0.1717 2 1 27 500000 0
0.1717 3 1 27 500000 0
0.1733 2 1 27 500000 0
0.1733 3 1 27 500000 0
0.1749 2 1 27 500000 0
0.1749 3 1 27 500000 0
0.1765 2 1 27 500000 0
0.1765 3 1 27 500000 0
0.1781 2 1 27 500000 0
0.1781 3 1 27 500000 0
0.1797 2 1 27 500000 0
0.1797 3 1 27 500000 0
0.1813 2 1 27 500000 0
0.1813 3 1 27 500000 0
0.1829 2 1 27 500000 0
0.1829 3 1 27 500000 0
0.1845 2 1 27 500000 0
0.1845 3 1 27 500000 0
0.1861 2 1 27 500000 0
0.1861 3 1 27 500000 0
0.1877 2 1 27 500000 0
0.1877 3 1 27 500000 0
0.1893 2 1 27 500000 0
0.1893 3 1 27 500000 0
0.1909 2 1 27 500000 0
0.1909 3 1 27 500000 0
0.1925 2 1 27 500000 0
0.1925 3 1 27 500000 0
0.1941 2 1 27 500000 0
0.1941 3 1 27 500000 0
0.1957 2 1 27 500000 0
0.1957 3 1 27 500000 0
0.1973 2 1 27 500000 0
0.1973 3 1 27 500000 0
0.1989 2 1 27 500000 0
0.1989 3 1 27 500000 0
0.2005 2 1 27 500000 0
0.2005 3 1 27 500000 0
0.2021 2 1 27 500000 0
0.2021 3 1 27 500000 0
0.2037 2 1 27 500000 0
0.2037 3 1 27 500000 0
0.2053 2 1 27 500000 0
0.2053 3 1 27 500000 0
0.2069 2 1 27 500000 0
0.2069 3 1 27 500000 0
0.2085 2 1 27 500000 0
0.2085 3 1 27 500000 0
0.2101 2 1 27 500000 0
0.2101 3 1 27 500000 0
0.2117 2 1 27 500000 0
0.2117 3 1 27 500000 0
0.2133 2 1 27 500000 0
0.2133 3 1 27 500000 0
0.2149 2 1 27 500000 0
0.2149 3 1 27 500000 0
0.2165 2 1 27 500000 0
0.2165 3 1 27 500000 0
0.2181 2 1 27 500000 0
0.2181 3 1 27 500000 0
0.2197 2 1 27 500000 0
0.2197 3 1 27 500000 0
0.2213 2 1 27 500000 0
0.2213 3 1 27 500000 0
0.2229 2 1 27 500000 0
0.2229 3 1 27 500000 0
0.2245 2 1 27 500000 0
0.2245 3 1 27 500000 0
0.2261 2 1 27 500000 0
0.2261 3 1 27 500000 0
0.2277 2 1 27 500000 0
0.2277 3 1 27 500000 0
0.2293 2 1 27 500000 0
0.2293 3 1 27 500000 0
0.2309 2 1 27 500000 0
0.2309 3 1 27 500000 0
0.2325 2 1 27 500000 0
0.2325 3 1 27 500000 0
0.2341 2 1 27 500000 0
0.2341 3 1 27 500000 0
0.2357 2 1 27 500000 0
0.2357 3 1 27 500000 0
0.2373 2 1 27 500000 0
0.2373 3 1 27 500000 0
0.2389 2 1 27 500000 0
0.2389 3 1 27 500000 0
0.2405 2 1 27 500000 0
0.2405 3 1 27 500000 0
0.2421 2 1 27 500000 0
0.2421 3 1 27 500000 0
0.2437 2 1 27 500000 0
0.2437 3 1 27 500000 0
0.2453 2 1 27 500000 0
0.2453 3 1 27 500000 0
0.2469 2 1 27 500000 0
0.2469 3 1 27 500000 0
0.2485 2 1 27 500000 0
0.2485 3 1 27 500000 0
0.2501 2 1 27 500000 0
0.2501 3 1 27 500000 0
0.2517 2 1 27 500000 0
0.2517 3 1 27 500000 0
0.2533 2 1 27 500000 0
0.2533 3 1 27 500000 0
0.2549 2 1 27 500000 0
0.2549 3 1 27 500000 0
0.2565 2 1 27 500000 0
0.2565 3 1 27 500000 0
0.2581 2 1 27 500000 0
0.2581 3 1 27 500000 0
0.2597 2 1 27 500000 0
0.2597 3 1 27 500000 0
0.2613 2 1 27 500000 0
0.2613 3 1 27 500000 0
0.2629 2 1 27 500000 0
0.2629 3 1 27 500000 0
0.2645 2 1 27 500000 0
0.2645 3 1 27 500000 0
0.2661 2 1 27 500000 0
0.2661 3 1 27 500000 0
0.2677 2 1 27 500000 0
0.2677 3 1 27 500000 0
0.2693 2 1 27 500000 0
0.2693 3 1 27 500000 0
0.2709 2 1 27 500000 0
0.2709 3 1 27 500000 0
0.2725 2 1 27 500000 0
0.2725 3 1 27 500000 0
0.2741 2 1 27 500000 0
0.2741 3 1 27 500000 0
0.2757 2 1 27 500000 0
0.2757 3 1 27 500000 0
0.2773 2 1 27 500000 0
0.2773 3 1 27 500000 0
0.2789 2 1 27 500000 0
0.2789 3 1 27 500000 0
0.2805 2 1 27 500000 0
0.2805 3 1 27 500000 0
0.2821 2 1 27 500000 0
0.2821 3 1 27 500000 0
0.2837 2 1 27 500000 0
0.2837 3 1 27 500000 0
0.2853 2 1 27 500000 0
0.2853 3 1 27 500000 0
0.2869 2 1 27 500000 0
0.2869 3 1 27 500000 0
0.2885 2 1 27 500000 0
0.2885 3 1 27 500000 0
0.2901 2 1 27 500000 0
0.2901 3 1 27 500000 0
0.2917 2 1 27 500000 0
0.2917 3 1 27 500000 0
0.2933 2 1 27 500000 0
0.2933 3 1 27 500000 0
0.2949 2 1 27 500000 0
0.2949 3 1 27 500000 0
0.2965 2 1 27 500000 0
0.2965 3 1 27 500000 0
0.2981 2 1 27 500000 0
0.2981 3 1 27 500000 0
0.2997 2 1 27 500000 0
0.2997 3 1 27 500000 0
0.3013 2 1 27 500000 0
0.3013 3 1 27 500000 0
0.3029 2 1 27 500000 0
0.3029 3 1 27 500000 0
0.3045 2 1 27 500000 0
0.3045 3 1 27 500000 0
0.3061 2 1 27 500000 0
0.3061 3 1 27 500000 0
0.3077 2 1 27 500000 0
0.3077 3 1 27 500000 0
0.3093 2 1 27 500000 0
0.3093 3 1 27 500000 0
0.3109 2 1 27 500000 0
0.3109 3 1 27 500000 0
0.3125 2 1 27 500000 0
0.3125 3 1 27 500000 0
0.3141 2 1 27 500000 0
0.3141 3 1 27 500000 0
0.3157 2 1 27 500000 0
0.3157 3 1 27 500000 0
0.3173 2 1 27 500000 0
0.3173 3 1 27 500000 0
0.3189 2 1 27 500000 0
0.3189 3 1 27 500000 0
0.3205 2 1 27 500000 0
0.3205 3 1 27 500000 0
0.3221 2 1 27 500000 0
0.3221 3 1 27 500000 0
0.3237 2 1 27 500000 0
0.3237 3 1 27 500000 0
0.3253 2 1 27 500000 0
0.3253 3 1 27 500000 0
0.3269 2 1 27 500000 0
0.3269 3 1 27 500000 0
0.3285 2 1 27 500000 0
0.3285 3 1 27 500000 0
0.3301 2 1 27 500000 0
0.3301 3 1 27 500000 0
0.3317 2 1 27 500000 0
0.3317 3 1 27 500000 0
0.3333 2 1 27 500000 0
0.3333 3 1 27 500000 0
0.3349 2 1 27 500000 0
0.3349 3 1 27 500000 0
0.3365 2 1 27 500000 0
0.3365 3 1 27 500000 0
0.3381 2 1 27 500000 0
0.3381 3 1 27 500000 0
0.3397 2 1 27 500000 0
0.3397 3 1 27 500000 0
0.3413 2 1 27 500000 0
0.3413 3 1 27 500000 0
0.3429 2 1 27 500000 0
0.3429 3 1 27 500000 0
0.3445 2 1 27 500000 0
0.3445 3 1 27 500000 0
0.3461 2 1 27 500000 0
0.3461 3 1 27 500000 0
0.3477 2 1 27 500000 0
0.3477 3 1 27 500000 0
0.3493 2 1 27 500000 0
0.3493 3 1 27 500000 0
0.3509 2 1 27 500000 0
0.3509 3 1 27 500000 0
0.3525 2 1 27 500000 0
0.3525 3 1 27 500000 0
0.3541 2 1 27 500000 0
0.3541 3 1 27 500000 0
0.3557 2 1 27 500000 0
0.3557 3 1 27 500000 0
0.3573 2 1 27 500000 0
0.3573 3 1 27 500000 0
0.3589 2 1 27 500000 0
0.3589 3 1 27 500000 0
0.3605 2 1 27 500000 0
0.3605 3 1 27 500000 0
0.3621 2 1 27 500000 0
0.3621 3 1 27 500000 0
0.3637 2 1 27 500000 0
0.3637 3 1 27 500000 0
0.3653 2 1 27 500000 0
0.3653 3 1 27 500000 0
0.3669 2 1 27 500000 0
0.3669 3 1 27 500000 0
0.3685 2 1 27 500000 0
0.3685 3 1 27 500000 0
0.3701 2 1 27 500000 0
0.3701 3 1 27 500000 0
0.3717 2 1 27 500000 0
0.3717 3 1 27 500000 0
0.3733 2 1 27 500000 0
0.3733 3 1 27 500000 0
0.3749 2 1 27 500000 0
0.3749 3 1 27 500000 0
0.3765 2 1 27 500000 0
0.3765 3 1 27 500000 0
0.3781 2 1 27 500000 0
0.3781 3 1 27 500000 0
0.3797 2 1 27 500000 0
0.3797 3 1 27 500000 0
0.3813 2 1 27 500000 0
0.3813 3 1 27 500000 0
0.3829 2 1 27 500000 0
0.3829 3 1 27 500000 0
0.3845 2 1 27 500000 0
0.3845 3 1 27 500000 0
0.3861 2 1 27 500000 0
0.3861 3 1 27 500000 0
0.3877 2 1 27 500000 0
0.3877 3 1 27 500000 0
0.3893 2 1 27 500000 0
0.3893 3 1 27 500000 0
0.3909 2 1 27 500000 0
0.3909 3 1 27 500000 0
0.3925 2 1 27 500000 0
0.3925 3 1 27 500000 0
0.3941 2 1 27 500000 0
0.3941 3 1 27 500000 0
0.3957 2 1 27 500000 0
0.3957 3 1 27 500000 0
0.3973 2 1 27 500000 0
0.3973 3 1 27 500000 0
0.3989 2 1 27 500000 0
0.3989 3 1 27 500000 0
0.4005 2 1 27 500000 0
0.4005 3 1 27 500000 0
0.4021 2 1 27 500000 0
0.4021 3 1 27 500000 0
0.4037 2 1 27 500000 0
0.4037 3 1 27 500000 0
0.4053 2 1 27 500000 0
0.4053 3 1 27 500000 0
0.4069 2 1 27 500000 0
0.4069 3 1 27 500000 0
0.4085 2 1 27 500000 0
0.4085 3 1 27 500000 0
0.4101 2 1 27 500000 0
0.4101 3 1 27 500000 0
0.4117 2 1 27 500000 0
0.4117 3 1 27 500000 0
0.4133 2 1 27 500000 0
0.4133 3 1 27 500000 0
0.4149 2 1 27 500000 0
0.4149 3 1 27 500000 0
0.4165 2 1 27 500000 0
0.4165 3 1 27 500000 0
0.4181 2 1 27 500000 0
0.4181 3 1 27 500000 0
0.4197 2 1 27 500000 0
0.4197 3 1 27 500000 0
0.4213 2 1 27 500000 0
0.4213 3 1 27 500000 0
0.4229 2 1 27 500000 0
0.4229 3 1 27 500000 0
0.4245 2 1 27 500000 0
0.4245 3 1 27 500000 0
0.4261 2 1 27 500000 0
0.4261 3 1 27 500000 0
0.4277 2 1 27 500000 0
0.4277 3 1 27 500000 0
0.4293 2 1 27 500000 0
0.4293 3 1 27 500000 0
0.4309 2 1 27 500000 0
0.4309 3 1 27 500000 0
0.4325 2 1 27 500000 0
0.4325 3 1 27 500000 0
0.4341 2 1 27 500000 0
0.4341 3 1 27 500000 0
0.4357 2 1 27 500000 0
0.4357 3 1 27 500000 0
0.4373 2 1 27 500000 0
0.4373 3 1 27 500000 0
0.4389 2 1 27 500000 0
0.4389 3 1 27 500000 0
0.4405 2 1 27 500000 0
0.4405 3 1 27 500000 0
0.4421 2 1 27 500000 0
0.4421 3 1 27 500000 0
0.4437 2 1 27 500000 0
0.4437 3 1 27 500000 0
0.4453 2 1 27 500000 0
0.4453 3 1 27 500000 0
0.4469 2 1 27 500000 0
0.4469 3 1 27 500000 0
0.4485 2 1 27 500000 0
0.4485 3 1 27 500000 0
0.4501 2 1 27 500000 0
0.4501 3 1 27 500000 0
0.4517 2 1 27 500000 0
0.4517 3 1 27 500000 0
0.4533 2 1 27 500000 0
0.4533 3 1 27 500000 0
0.4549 2 1 27 500000 0
0.4549 3 1 27 500000 0
0.4565 2 1 27 500000 0
0.4565 3 1 27 500000 0
0.4581 2 1 27 500000 0
0.4581 3 1 27 500000 0
0.4597 2 1 27 500000 0
0.4597 3 1 27 500000 0
0.4613 2 1 27 500000 0
0.4613 3 1 27 500000 0
0.4629 2 1 27 500000 0
0.4629 3 1 27 500000 0
0.4645 2 1 27 500000 0
0.4645 3 1 27 500000 0
0.4661 2 1 27 500000 0
0.4661 3 1 27 500000 0
0.4677 2 1 27 500000 0
0.4677 3 1 27 500000 0
0.4693 2 1 27 500000 0
0.4693 3 1 27 500000 0
0.4709 2 1 27 500000 0
0.4709 3 1 27 500000 0
0.4725 2 1 27 500000 0
0.4725 3 1 27 500000 0
0.4741 2 1 27 500000 0
0.4741 3 1 27 500000 0
0.4757 2 1 27 500000 0
0.4757 3 1 27 500000 0
0.4773 2 1 27 500000 0
0.4773 3 1 27 500000 0
0.4789 2 1 27 500000 0
0.4789 3 1 27 500000 0
0.4805 2 1 27 500000 0
0.4805 3 1 27 500000 0
0.4821 2 1 27 500000 0
0.4821 3 1 27 500000 0
0.4837 2 1 27 500000 0
0.4837 3 1 27 500000 0
0.4853 2 1 27 500000 0
0.4853 3 1 27 500000 0
0.4869 2 1 27 500000 0
0.4869 3 1 27 500000 0
0.4885 2 1 27 500000 0
0.4885 3 1 27 500000 0
0.4901 2 1 27 500000 0
0.4901 3 1 27 500000 0
0.4917 2 1 27 500000 0
0.4917 3 1 27 500000 0
0.4933 2 1 27 500000 0
0.4933 3 1 27 500000 0
0.4949 2 1 27 500000 0
0.4949 3 1 27 500000 0
0.4965 2 1 27 500000 0
0.4965 3 1 27 500000 0
0.4981 2 1 27 500000 0
0.4981 3 1 27 500000 0
0.4997 2 1 27 500000 0
0.4997 3 1 27 500000 0
0.5013 2 1 27 500000 0
0.5013 3 1 27 500000 0
0.5029 2 1 27 500000 0
0.5029 3 1 27 500000 0
0.5045 2 1 27 500000 0
0.5045 3 1 27 500000 0
0.5061 2 1 27 500000 0
0.5061 3 1 27 500000 0
0.5077 2 1 27 500000 0
0.5077 3 1 27 500000 0
0.5093 2 1 27 500000 0
0.5093 3 1 27 500000 0
0.5109 2 1 27 500000 0
0.5109 3 1 27 500000 0
0.5125 2 1 27 500000 0
0.5125 3 1 27 500000 0
0.5141 2 1 27 500000 0
0.5141 3 1 27 500000 0
0.5157 2 1 27 500000 0
0.5157 3 1 27 500000 0
0.5173 2 1 27 500000 0
0.5173 3 1 27 500000 0
0.5189 2 1 27 500000 0
0.5189 3 1 27 500000 0
0.5205 2 1 27 500000 0
0.5205 3 1 27 500000 0
0.5221 2 1 27 500000 0
0.5221 3 1 27 500000 0
0.5237 2 1 27 500000 0
0.5237 3 1 27 500000 0
0.5253 2 1 27 500000 0
0.5253 3 1 27 500000 0
0.5269 2 1 27 500000 0
0.5269 3 1 27 500000 0
0.5285 2 1 27 500000 0
0.5285 3 1 27 500000 0
0.5301 2 1 27 500000 0
0.5301 3 1 27 500000 0
0.5317 2 1 27 500000 0
0.5317 3 1 27 500000 0
0.5333 2 1 27 500000 0
0.5333 3 1 27 500000 0
0.5349 2 1 27 500000 0
0.5349 3 1 27 500000 0
0.5365 2 1 27 500000 0
0.5365 3 1 27 500000 0
0.5381 2 1 27 500000 0
0.5381 3 1 27 500000 0
0.5397 2 1 27 500000 0
0.5397 3 1 27 500000 0
0.5413 2 1 27 500000 0
0.5413 3 1 27 500000 0
0.5429 2 1 27 500000 0
0.5429 3 1 27 500000 0
0.5445 2 1 27 500000 0
0.5445 3 1 27 500000 0
0.5461 2 1 27 500000 0
0.5461 3 1 27 500000 0
0.5477 2 1 27 500000 0
0.5477 3 1 27 500000 0
0.5493 2 1 27 500000 0
0.5493 3 1 27 500000 0
0.5509 2 1 27 500000 0
0.5509 3 1 27 500000 0
0.5525 2 1 27 500000 0
0.5525 3 1 27 500000 0
0.5541 2 1 27 500000 0
0.5541 3 1 27 500000 0
0.5557 2 1 27 500000 0
0.5557 3 1 27 500000 0
0.5573 2 1 27 500000 0
0.5573 3 1 27 500000 0
0.5589 2 1 27 500000 0
0.5589 3 1 27 500000 0
0.5605 2 1 27 500000 0
0.5605 3 1 27 500000 0
0.5621 2 1 27 500000 0
0.5621 3 1 27 500000 0
0.5637 2 1 27 500000 0
0.5637 3 1 27 500000 0
0.5653 2 1 27 500000 0
0.5653 3 1 27 500000 0
0.5669 2 1 27 500000 0
0.5669 3 1 27 500000 0
0.5685 2 1 27 500000 0
0.5685 3 1 27 500000 0
0.5701 2 1 27 500000 0
0.5701 3 1 27 500000 0
0.5717 2 1 27 500000 0
0.5717 3 1 27 500000 0
0.5733 2 1 27 500000 0
0.5733 3 1 27 500000 0
0.5749 2 1 27 500000 0
0.5749 3 1 27 500000 0
0.5765 2 1 27 500000 0
0.5765 3 1 27 500000 0
0.5781 2 1 27 500000 0
0.5781 3 1 27 500000 0
0.5797 2 1 27 500000 0
0.5797 3 1 27 500000 0
0.5813 2 1 27 500000 0
0.5813 3 1 27 500000 0
0.5829 2 1 27 500000 0
0.5829 3 1 27 500000 0
0.5845 2 1 27 500000 0
0.5845 3 1 27 500000 0
0.5861 2 1 27 500000 0
0.5861 3 1 27 500000 0
0.5877 2 1 27 500000 0
0.5877 3 1 27 500000 0
0.5893 2 1 27 500000 0
0.5893 3 1 27 500000 0
0.5909 2 1 27 500000 0
0.5909 3 1 27 500000 0
0.5925 2 1 27 500000 0
0.5925 3 1 27 500000 0
0.5941 2 1 27 500000 0
0.5941 3 1 27 500000 0
0.5957 2 1 27 500000 0
0.5957 3 1 27 500000 0
0.5973 2 1 27 500000 0
0.5973 3 1 27 500000 0
0.5989 2 1 27 500000 0
0.5989 3 1 27 500000 0
0.6005 2 1 27 500000 0
0.6005 3 1 27 500000 0
0.6021 2 1 27 500000 0
0.6021 3 1 27 500000 0
0.6037 2 1 27 500000 0
0.6037 3 1 27 500000 0
0.6053 2 1 27 500000 0
0.6053 3 1 27 500000 0
0.6069 2 1 27 500000 0
0.6069 3 1 27 500000 0
0.6085 2 1 27 500000 0
0.6085 3 1 27 500000 0
0.6101 2 1 27 500000 0
0.6101 3 1 27 500000 0
0.6117 2 1 27 500000 0
0.6117 3 1 27 500000 0
0.6133 2 1 27 500000 0
0.6133 3 1 27 500000 0
0.6149 2 1 27 500000 0
0.6149 3 1 27 500000 0
0.6165 2 1 27 500000 0
0.6165 3 1 27 500000 0
0.6181 2 1 27 500000 0
0.6181 3 1 27 500000 0
0.6197 2 1 27 500000 0
0.6197 3 1 27 500000 0
0.6213 2 1 27 500000 0
0.6213 3 1 27 500000 0
0.6229 2 1 27 500000 0
0.6229 3 1 27 500000 0
0.6245 2 1 27 500000 0
0.6245 3 1 27 500000 0
0.6261 2 1 27 500000 0
0.6261 3 1 27 500000 0
0.6277 2 1 27 500000 0
0.6277 3 1 27 500000 0
0.6293 2 1 27 500000 0
0.6293 3 1 27 500000 0
0.6309 2 1 27 500000 0
0.6309 3 1 27 500000 0
0.6325 2 1 27 500000 0
0.6325 3 1 27 500000 0
0.6341 2 1 27 500000 0
0.6341 3 1 27 500000 0
0.6357 2 1 27 500000 0
0.6357 3 1 27 500000 0
0.6373 2 1 27 500000 0
0.6373 3 1 27 500000 0
0.6389 2 1 27 500000 0
0.6389 3 1 27 500000 0
0.6405 2 1 27 500000 0
0.6405 3 1 27 500000 0
0.6421 2 1 27 500000 0
0.6421 3 1 27 500000 0
0.6437 2 1 27 500000 0
0.6437 3 1 27 500000 0
0.6453 2 1 27 500000 0
0.6453 3 1 27 500000 0
0.6469 2 1 27 500000 0
0.6469 3 1 27 500000 0
0.6485 2 1 27 500000 0
0.6485 3 1 27 500000 0
0.6501 2 1 27 500000 0
0.6501 3 1 27 500000 0
0.6517 2 1 27 500000 0
0.6517 3 1 27 500000 0
0.6533 2 1 27 500000 0
0.6533 3 1 27 500000 0
0.6549 2 1 27 500000 0
0.6549 3 1 27 500000 0
0.6565 2 1 27 500000 0
0.6565 3 1 27 500000 0
0.6581 2 1 27 500000 0
0.6581 3 1 27 500000 0
0.6597 2 1 27 500000 0
0.6597 3 1 27 500000 0
0.6613 2 1 27 500000 0
0.6613 3 1 27 500000 0
0.6629 2 1 27 500000 0
0.6629 3 1 27 500000 0
0.6645 2 1 27 500000 0
0.6645 3 1 27 500000 0
0.6661 2 1 27 500000 0
0.6661 3 1 27 500000 0
0.6677 2 1 27 500000 0
0.6677 3 1 27 500000 0
0.6693 2 1 27 500000 0
0.6693 3 1 27 500000 0
0.6709 2 1 27 500000 0
0.6709 3 1 27 500000 0
0.6725 2 1 27 500000 0
0.6725 3 1 27 500000 0
0.6741 2 1 27 500000 0
0.6741 3 1 27 500000 0
0.6757 2 1 27 500000 0
0.6757 3 1 27 500000 0
0.6773 2 1 27 500000 0
0.6773 3 1 27 500000 0
0.6789 2 1 27 500000 0
0.6789 3 1 27 500000 0
0.6805 2 1 27 500000 0
0.6805 3 1 27 500000 0
0.6821 2 1 27 500000 0
0.6821 3 1 27 500000 0
0.6837 2 1 27 500000 0
0.6837 3 1 27 500000 0
0.6853 2 1 27 500000 0
0.6853 3 1 27 500000 0
0.6869 2 1 27 500000 0
0.6869 3 1 27 500000 0
0.6885 2 1 27 500000 0
0.6885 3 1 27 500000 0
0.6901 2 1 27 500000 0
0.6901 3 1 27 500000 0
0.6917 2 1 27 500000 0
0.6917 3 1 27 500000 0
0.6933 2 1 27 500000 0
0.6933 3 1 27 500000 0
0.6949 2 1 27 500000 0
0.6949 3 1 27 500000 0
0.6965 2 1 27 500000 0
0.6965 3 1 27 500000 0
0.6981 2 1 27 500000 0
0.6981 3 1 27 500000 0
0.6997 2 1 27 500000 0
0.6997 3 1 27 500000 0
0.7013 2 1 27 500000 0
0.7013 3 1 27 500000 0
0.7029 2 1 27 500000 0
0.7029 3 1 27 500000 0
0.7045 2 1 27 500000 0
0.7045 3 1 27 500000 0
0.7061 2 1 27 500000 0
0.7061 3 1 27 500000 0
0.7077 2 1 27 500000 0
0.7077 3 1 27 500000 0
0.7093 2 1 27 500000 0
0.7093 3 1 27 500000 0
0.7109 2 1 27 500000 0
0.7109 3 1 27 500000 0
0.7125 2 1 27 500000 0
0.7125 3 1 27 500000 0
0.7141 2 1 27 500000 0
0.7141 3 1 27 500000 0
0.7157 2 1 27 500000 0
0.7157 3 1 27 500000 0
0.7173 2 1 27 500000 0
0.7173 3 1 27 500000 0
0.7189 2 1 27 500000 0
0.7189 3 1 27 500000 0
0.7205 2 1 27 500000 0
0.7205 3 1 27 500000 0
0.7221 2 1 27 500000 0
0.7221 3 1 27 500000 0
0.7237 2 1 27 500000 0
0.7237 3 1 27 500000 0
0.7253 2 1 27 500000 0
0.7253 3 1 27 500000 0
0.7269 2 1 27 500000 0
0.7269 3 1 27 500000 0
0.7285 2 1 27 500000 0
0.7285 3 1 27 500000 0
0.7301 2 1 27 500000 0
0.7301 3 1 27 500000 0
0.7317 2 1 27 500000 0
0.7317 3 1 27 500000 0
0.7333 2 1 27 500000 0
0.7333 3 1 27 500000 0
0.7349 2 1 27 500000 0
0.7349 3 1 27 500000 0
0.7365 2 1 27 500000 0
0.7365 3 1 27 500000 0
0.7381 2 1 27 500000 0
0.7381 3 1 27 500000 0
0.7397 2 1 27 500000 0
0.7397 3 1 27 500000 0
0.7413 2 1 27 500000 0
0.7413 3 1 27 500000 0
0.7429 2 1 27 500000 0
0.7429 3 1 27 500000 0
0.7445 2 1 27 500000 0
0.7445 3 1 27 500000 0
0.7461 2 1 27 500000 0
0.7461 3 1 27 500000 0
0.7477 2 1 27 500000 0
0.7477 3 1 27 500000 0
0.7493 2 1 27 500000 0
0.7493 3 1 27 500000 0
0.7509 2 1 27 500000 0
0.7509 3 1 27 500000 0
0.7525 2 1 27 500000 0
0.7525 3 1 27 500000 0
0.7541 2 1 27 500000 0
0.7541 3 1 27 500000 0
0.7557 2 1 27 500000 0
0.7557 3 1 27 500000 0
0.7573 2 1 27 500000 0
0.7573 3 1 27 500000 0
0.7589 2 1 27 500000 0
0.7589 3 1 27 500000 0
0.7605 2 1 27 500000 0
0.7605 3 1 27 500000 0
